fileName	sampleID	read	Rikenellaceae	Bacteroidaceae	Porphyromonadaceae	Prevotellaceae	Bacteroidales_incertae_sedis	Flavobacteriaceae	Sphingobacteriaceae	Chitinophagaceae	Cyclobacteriaceae	Cytophagaceae	Lachnospiraceae	Clostridiaceae.1	Peptostreptococcaceae	Ruminococcaceae	Eubacteriaceae	Clostridiales_Incertae.Sedis.XI	Peptococcaceae.1	Clostridiales_Incertae.Sedis.XIII	Clostridiales_Incertae.Sedis.XII	Defluviitaleaceae	Streptococcaceae	Enterococcaceae	Carnobacteriaceae	Lactobacillaceae	Aerococcaceae	Bacillales_Incertae.Sedis.XI	Paenibacillaceae.1	Staphylococcaceae	Bacillaceae.1	Planococcaceae	Bacillales_Incertae.Sedis.XII	Bacillaceae.2	Erysipelotrichaceae	Veillonellaceae	Acidaminococcaceae	Verrucomicrobiaceae	Coriobacteriaceae	Corynebacteriaceae	Nocardiaceae	Actinomycetaceae	Micrococcaceae	Microbacteriaceae	Brevibacteriaceae	Dermacoccaceae	Intrasporangiaceae	Dermabacteraceae	Propionibacteriaceae	Nocardioidaceae	Pseudonocardiaceae	Geodermatophilaceae	Bifidobacteriaceae	Patulibacteraceae	Nitriliruptoraceae	Spirochaetaceae	Fusobacteriaceae	Leptotrichiaceae	Campylobacteraceae	Pasteurellaceae	Enterobacteriaceae	Halomonadaceae	Oceanospirillaceae	Cardiobacteriaceae	Pseudomonadaceae	Moraxellaceae	Vibrionaceae	Xanthomonadaceae	Idiomarinaceae	Shewanellaceae	Chromatiaceae	Aeromonadaceae	Coxiellaceae	Neisseriaceae	Burkholderiaceae	Oxalobacteraceae	Comamonadaceae	Sutterellaceae	Burkholderiales_incertae_sedis	Alcaligenaceae	Methylophilaceae	Desulfovibrionaceae	Bdellovibrionaceae	Bacteriovoracaceae	Myxococcaceae	Polyangiaceae	Desulfobulbaceae	Sphingomonadaceae	Erythrobacteraceae	Methylobacteriaceae	Phyllobacteriaceae	Bradyrhizobiaceae	Hyphomicrobiaceae	Brucellaceae	Rhizobiaceae	Beijerinckiaceae	Rhizobiales_incertae_sedis	Caulobacteraceae	Rhodobacteraceae	Rhodospirillaceae	Acetobacteraceae	Chloroplast	Synergistaceae	Mycoplasmataceae	Deinococcaceae	Thermotogaceae	Planctomycetaceae	Victivallaceae	Pyrodictiaceae
126_R1.fasta	126	1	1280	7596	7693	0	0	3	0	0	0	0	20620	2135	1670	811	101	0	0	0	0	0	4718	358	5	0	0	1	0	0	0	0	0	0	2255	0	0	4113	20	1	0	0	1	0	0	0	0	0	0	0	0	0	0	0	0	0	0	0	0	1	0	11	0	0	10	2	0	4	0	0	0	0	0	0	0	169	23	0	0	0	0	0	0	0	0	0	0	1	0	0	1	0	0	0	0	0	0	0	0	0	0	2	0	0	0	0	0	0	0
126_R2.fasta	126	2	1295	7088	7655	0	0	3	0	0	0	0	21948	2074	1527	954	96	0	0	0	0	0	3580	270	4	0	0	1	0	0	0	0	0	0	2533	0	0	4116	21	0	0	0	1	0	0	0	0	0	0	0	0	0	0	0	0	0	0	0	0	1	0	14	0	0	14	2	0	4	0	0	0	0	0	0	0	163	20	0	0	0	0	0	0	0	0	0	0	0	0	0	0	0	0	0	0	0	0	0	0	0	0	2	0	0	0	0	0	0	0
127_R1.fasta	127	1	0	12748	1	0	0	0	0	0	0	0	2347	368	1660	18	0	0	0	2	0	0	4664	1447	2	0	0	0	93	0	0	0	0	0	1	0	0	2855	57	0	1	0	0	2	0	0	0	0	0	0	0	0	19	0	0	0	0	0	0	0	1	5	0	0	7	0	0	18	0	0	0	0	0	2	2	102	11	0	0	0	0	0	0	0	0	0	0	0	0	0	3	0	0	0	0	0	0	1	0	0	0	0	0	0	0	0	0	0	0
127_R2.fasta	127	2	0	12057	0	0	0	0	0	0	0	0	2360	372	1974	18	0	0	0	0	0	0	3704	1128	3	0	0	0	82	0	0	0	0	0	1	0	0	2864	56	0	0	0	0	1	0	0	0	0	0	0	0	0	18	0	0	0	0	0	0	0	1	17	0	0	7	0	0	17	0	0	0	0	0	2	2	99	11	0	0	0	0	0	0	0	0	0	0	0	0	0	0	0	0	0	0	0	0	1	0	0	0	0	0	0	0	0	0	0	0
128_R1.fasta	128	1	60	16465	1764	0	0	7	0	1	0	0	6774	0	9	1761	46	0	0	0	0	0	351	752	13	0	0	0	0	0	0	0	0	0	1263	0	0	1155	37	0	0	0	0	0	0	0	0	0	0	0	0	0	0	0	0	0	0	0	0	0	135	17	0	0	18	0	0	4	1	0	0	0	0	3	0	167	28	0	0	0	0	0	0	0	0	0	0	0	0	0	0	2	0	0	0	0	0	6	0	0	0	0	0	0	0	0	0	0	0
128_R2.fasta	128	2	59	15619	1729	0	0	7	0	2	0	0	7270	0	9	1780	45	0	0	0	0	0	287	589	13	0	0	0	0	0	0	0	0	0	1204	0	0	1155	43	0	0	0	0	0	0	0	0	0	0	0	0	0	0	0	0	0	0	0	0	0	134	26	0	0	18	0	0	4	1	0	0	0	0	2	0	168	26	0	0	0	0	0	0	0	0	0	0	0	0	0	0	2	0	0	0	0	0	6	0	0	0	0	0	0	0	0	0	0	0
129_R1.fasta	129	1	19	12728	1768	2	0	3	1	0	0	0	9334	157	355	465	122	0	0	0	0	0	6559	230	10	0	0	0	0	0	0	0	0	0	847	3	0	544	65	0	2	0	0	0	0	0	0	0	0	0	0	0	0	0	0	0	2	0	1	0	420	22	0	0	11	0	0	0	1	0	0	0	0	2	0	248	48	0	0	0	0	0	0	0	0	0	0	0	0	0	0	2	0	0	0	0	0	3	0	0	0	1	0	0	0	0	0	0	0
129_R2.fasta	129	2	20	11798	1748	2	0	3	1	0	0	0	9365	127	330	416	124	0	0	0	0	0	5271	154	10	0	0	0	0	0	0	0	0	0	1125	3	0	544	64	0	1	1	0	0	0	0	0	0	0	0	0	0	0	0	0	0	2	0	1	0	414	31	0	0	11	0	0	0	1	0	0	0	0	2	0	246	46	0	0	0	0	0	0	0	0	0	0	0	0	0	0	2	0	0	0	0	0	3	0	0	0	1	0	0	0	0	0	0	0
130_R1.fasta	130	1	39	4795	1174	0	0	1	0	0	0	0	3355	4	481	106	42	0	0	0	0	0	5086	215	5	0	0	0	0	0	0	0	0	0	736	5	0	649	23	0	0	0	0	0	0	0	0	0	2	0	0	0	0	0	0	0	0	0	1	0	1548	6	0	0	6	0	0	5	0	0	0	0	0	0	0	81	11	0	0	0	0	54	0	0	0	0	0	0	0	0	7	0	0	0	0	0	0	0	0	0	0	0	0	0	0	0	0	0	0
130_R2.fasta	130	2	39	4501	1166	0	0	1	0	0	0	0	3408	5	456	107	42	0	0	0	0	0	4183	165	5	0	0	0	0	0	0	0	0	0	835	3	0	646	26	0	0	0	0	0	0	0	0	0	2	0	0	0	0	0	0	0	0	0	1	0	1529	6	0	0	6	0	0	5	0	0	0	0	0	0	0	80	12	0	0	0	0	52	0	0	0	0	0	0	0	0	0	0	0	0	0	0	0	0	0	0	0	0	0	0	0	0	0	0	0
131_R1.fasta	131	1	1154	6840	3367	3	0	2	0	1	0	0	19337	2	821	310	53	1	0	0	0	0	52	74	26	0	0	0	0	0	0	0	0	0	2475	3	0	1097	6	0	0	0	0	0	0	0	0	0	4	0	0	0	0	0	0	0	5	0	1	0	3	20	0	0	13	0	0	13	2	0	0	0	0	2	0	423	58	0	0	0	0	0	0	0	0	0	0	1	0	0	0	1	0	0	0	0	0	1	0	0	0	0	0	0	0	0	0	0	0
131_R2.fasta	131	2	1170	6447	3346	3	0	2	0	1	0	0	20265	2	776	344	53	1	0	0	0	0	40	53	26	0	0	0	0	0	0	0	0	0	2701	3	0	1100	6	0	0	0	0	0	0	0	0	0	4	0	0	0	0	0	0	0	5	0	1	0	2	42	0	0	12	0	0	13	1	0	0	0	0	2	0	416	57	0	0	0	0	0	0	0	0	0	0	1	0	0	0	1	3	0	0	0	0	1	0	0	0	0	0	0	0	0	0	0	0
132_R1.fasta	132	1	92	15479	1988	0	0	8	0	0	0	0	9077	0	38	902	76	0	0	0	0	0	1087	2248	8	0	0	0	0	0	0	0	0	0	1054	0	0	1688	32	0	0	0	0	1	0	0	0	0	1	0	0	0	3	0	0	0	2	0	0	0	247	12	0	0	12	4	0	3	1	0	0	0	0	0	0	208	21	0	0	4	0	0	1	0	0	0	0	0	0	2	0	0	0	0	0	0	0	11	0	0	0	0	0	0	0	0	0	0	0
132_R2.fasta	132	2	90	14419	1969	1	0	8	0	0	0	0	9365	0	33	804	76	0	0	0	0	0	848	1479	8	0	0	0	0	0	0	0	0	0	1102	1	0	1695	35	0	0	0	0	1	0	0	0	0	1	0	0	0	3	0	0	0	1	0	0	0	241	24	0	0	12	4	0	3	1	0	0	0	0	0	0	203	18	0	0	3	0	0	1	0	0	0	0	0	0	0	0	0	0	0	0	0	0	11	0	0	0	0	0	0	0	0	0	0	0
133_R1.fasta	133	1	602	11907	4	0	0	0	0	0	0	0	4782	384	1132	213	0	0	0	79	0	0	4924	423	17	0	0	1	2	0	0	0	0	0	35	0	0	6136	27	0	15	0	0	0	0	0	0	0	0	0	0	0	135	0	0	0	0	0	0	5	0	13	0	0	19	2	0	8	2	0	0	0	0	2	0	220	28	0	0	0	0	0	0	0	0	0	0	0	0	0	0	0	0	0	0	0	0	0	0	0	0	0	0	0	0	0	0	0	0
133_R2.fasta	133	2	601	11219	1	0	0	0	0	0	0	0	4768	390	1332	217	0	0	0	0	0	0	3704	297	18	0	0	1	2	0	0	0	0	0	34	0	0	6151	26	0	1	0	0	0	0	0	0	0	0	0	0	0	105	0	0	0	0	0	0	5	0	20	0	0	18	1	0	8	3	0	0	0	0	2	0	219	28	0	0	0	0	0	0	0	0	0	0	0	0	0	0	0	0	0	0	0	0	0	0	0	0	0	0	0	0	0	0	0	0
134_R1.fasta	134	1	272	7910	1320	0	0	4	4	0	0	0	6020	7	1131	209	93	0	0	0	0	0	13491	314	2	0	0	0	0	0	0	0	0	0	499	0	0	1682	18	0	1	0	0	0	0	0	0	0	0	0	0	0	0	0	0	0	0	0	0	0	434	13	0	0	31	3	0	11	0	1	0	0	0	0	0	345	37	0	0	0	0	0	0	0	0	0	0	2	0	0	6	0	0	0	0	0	0	0	0	0	0	0	0	0	0	0	0	0	0
134_R2.fasta	134	2	273	7370	1312	0	0	4	4	0	0	0	6390	8	1032	209	96	0	0	0	0	0	10523	235	2	0	0	0	0	0	0	0	0	0	659	0	0	1683	17	0	0	0	0	0	0	0	0	0	0	0	0	0	0	0	0	0	0	0	0	0	426	23	0	0	32	4	0	10	0	0	0	0	0	0	0	336	37	0	0	0	0	0	0	0	0	0	0	2	0	0	0	0	0	1	0	0	0	0	0	0	0	0	0	0	0	0	0	0	0
135_R1.fasta	135	1	316	8460	1314	1	0	7	0	0	0	0	6719	6	1223	183	93	0	0	0	0	0	17335	344	6	0	0	0	0	0	0	0	0	0	721	0	0	1896	10	6	1	0	0	1	0	0	0	0	0	3	0	0	0	0	0	0	0	3	0	1	405	26	0	0	22	9	0	29	2	1	0	0	0	7	12	296	73	0	0	0	0	0	0	0	0	0	0	1	0	0	4	1	2	0	0	0	0	12	0	0	0	0	0	0	0	0	0	0	0
135_R2.fasta	135	2	310	7963	1306	1	0	7	0	0	0	0	7012	6	1140	180	94	0	0	0	0	0	13891	262	6	0	0	0	0	0	0	0	0	0	939	0	0	1894	10	6	1	0	0	1	0	0	0	0	0	0	0	0	0	0	0	0	0	3	0	0	402	46	0	0	25	9	0	28	2	1	0	0	0	7	13	293	70	0	0	0	0	0	0	0	0	0	0	1	0	0	0	1	1	0	0	0	0	11	0	0	0	0	0	0	0	0	0	0	0
136_R1.fasta	136	1	259	14683	2729	2	0	5	1	0	0	0	8035	63	540	308	98	0	0	0	0	0	1174	366	41	0	0	0	0	0	0	0	0	0	861	0	0	4255	16	0	21	1	0	3	0	0	0	0	1	0	0	0	0	0	0	0	2	1	1	0	452	39	0	0	56	6	0	54	6	0	0	0	0	9	4	722	74	0	0	0	0	0	0	0	0	0	0	1	0	0	5	9	0	0	0	0	0	20	0	0	0	0	0	0	0	0	0	0	0
136_R2.fasta	136	2	249	13859	2733	2	0	5	1	0	0	0	8698	57	479	286	97	0	0	0	0	0	862	271	40	0	0	0	0	0	0	0	0	0	914	0	0	4233	17	0	0	1	0	2	0	0	0	0	2	0	0	0	0	0	0	0	2	1	1	0	450	76	0	0	58	6	0	50	5	0	0	0	0	8	4	701	68	0	0	0	0	0	0	0	0	0	0	1	0	0	0	6	0	1	0	0	0	18	0	0	0	0	0	0	0	0	0	0	0
137_R1.fasta	137	1	991	24540	6	2	0	0	6	0	0	0	13533	1241	1927	1003	0	0	0	82	0	0	4048	780	103	18	0	0	0	0	0	0	0	0	16	0	0	5183	214	2	54	0	0	7	0	0	0	0	5	0	0	0	269	0	0	0	1	5	0	0	29	170	0	0	121	9	0	124	9	0	0	0	0	13	0	1929	242	0	0	7	0	1	0	1	0	0	0	34	0	0	62	0	0	0	0	0	0	9	0	0	0	0	0	0	0	0	0	0	0
137_R2.fasta	137	2	1000	23273	5	2	0	0	6	0	0	0	13633	1254	2235	991	1	0	0	0	0	0	3168	611	102	18	0	0	0	0	0	0	0	0	18	0	0	5188	214	2	4	0	0	5	0	0	0	0	5	0	0	0	207	0	0	0	1	6	0	0	27	279	0	0	121	9	0	119	11	0	0	0	0	12	0	1895	231	0	0	7	0	1	0	1	0	0	0	31	0	0	23	0	0	1	4	0	0	9	0	0	0	0	0	0	0	0	0	0	0
138_R1.fasta	138	1	1221	5789	6075	2	0	9	1	0	0	0	19670	785	893	1041	123	2	0	0	0	0	4731	1546	32	0	0	0	0	14	0	0	0	0	1373	2	0	3777	136	1	0	1	0	3	0	0	0	0	15	0	0	0	0	0	0	0	5	1	2	0	10	148	0	0	127	5	0	47	24	0	0	0	0	15	10	2361	342	0	0	9	0	0	0	0	0	0	0	14	0	8	4	11	0	0	0	0	0	57	0	0	0	15	0	0	0	0	0	0	0
138_R2.fasta	138	2	1236	5468	6044	2	0	9	1	0	0	0	20696	777	814	1220	124	2	0	0	0	0	3601	1117	32	0	0	0	0	12	0	0	0	0	1732	2	0	3781	135	1	0	1	0	4	0	0	0	0	15	0	0	0	0	0	0	0	5	2	2	0	9	278	0	0	128	5	0	44	24	0	0	0	0	15	10	2330	332	0	0	9	0	0	0	0	0	0	0	12	0	3	0	10	0	0	2	0	0	58	0	0	0	10	0	0	0	0	0	0	0
139_R1.fasta	139	1	966	10324	5517	0	0	14	4	0	0	0	23650	1393	227	869	160	0	0	0	0	0	3442	1503	214	0	3	0	0	0	0	0	0	0	2436	0	0	1884	78	0	0	1	4	4	0	0	0	0	0	0	0	0	0	0	0	0	0	1	0	0	23	185	0	0	269	24	0	32	61	0	0	0	0	20	31	4381	413	0	0	1	0	0	0	1	0	0	0	5	0	0	0	0	0	0	0	0	0	35	0	0	0	0	0	0	0	0	0	0	0
139_R2.fasta	139	2	1034	9729	5490	0	0	14	4	0	0	0	25561	1402	205	1402	161	0	0	0	0	0	2661	1087	215	0	3	0	0	0	0	0	0	0	3295	0	0	1882	78	0	0	1	1	3	0	0	0	0	0	0	0	0	0	0	0	0	0	1	0	0	21	328	0	0	274	24	0	30	70	0	0	0	0	20	29	4296	398	0	0	1	0	0	0	1	0	0	0	5	0	0	0	11	0	0	0	0	0	32	0	0	0	0	0	0	0	0	0	0	0
140_R1.fasta	140	1	93	11855	1648	0	0	7	3	0	0	0	9105	0	153	329	81	0	0	0	0	0	11	49	32	0	0	0	0	0	0	0	0	0	1466	0	0	641	5	0	0	0	0	2	0	0	0	0	0	0	0	0	0	0	0	0	0	0	0	1	116	44	0	0	80	2	0	0	12	0	0	0	0	7	0	958	104	0	0	0	0	0	0	0	0	0	0	25	0	0	0	0	0	0	0	0	0	18	0	0	0	3	0	0	0	0	0	0	0
140_R2.fasta	140	2	92	11087	1634	0	0	8	1	0	0	0	9388	0	143	335	80	0	0	0	0	0	6	33	30	0	0	0	0	0	0	0	0	0	1426	0	0	640	5	0	0	0	0	2	0	0	0	0	0	0	0	0	0	0	0	0	0	0	0	1	117	72	0	0	83	2	0	0	12	0	0	0	0	7	0	949	100	0	0	0	0	0	0	0	0	0	0	17	0	0	0	0	0	0	0	0	0	17	0	0	0	2	0	0	0	0	0	0	0
141_R1.fasta	141	1	200	13914	3419	0	0	10	1	0	0	0	9925	1	400	502	142	0	0	0	0	0	205	44	17	0	0	0	0	0	0	0	0	0	1421	0	0	647	36	0	0	0	0	19	0	0	0	0	0	0	0	0	0	0	0	0	0	0	0	0	229	63	0	0	56	0	0	6	7	0	0	0	0	3	0	1017	76	0	0	4	0	0	9	0	0	0	0	0	0	0	0	3	0	0	0	0	0	8	0	0	0	0	0	0	0	0	0	0	0
141_R2.fasta	141	2	197	13083	3382	0	0	9	1	0	0	0	10319	1	373	522	144	0	0	0	0	0	151	28	17	0	0	0	0	0	0	0	0	0	1444	0	0	649	36	0	0	0	0	13	0	0	0	0	0	0	0	0	0	0	0	0	0	0	0	0	226	80	0	0	59	0	0	6	7	0	0	0	0	3	0	995	71	0	0	4	0	0	9	0	0	0	0	0	0	0	0	3	0	0	0	0	0	9	0	0	0	0	0	0	0	0	0	0	0
142_R1.fasta	142	1	148	16558	2983	0	0	0	4	0	0	0	8075	55	6	2449	26	0	0	0	0	0	1401	236	36	0	0	0	0	10	3	0	0	0	1811	0	0	856	15	0	12	0	0	2	0	0	0	0	6	0	0	0	0	0	0	0	0	0	0	0	142	102	0	0	136	1	0	1	2	0	0	0	0	9	0	2041	209	0	0	1	0	1	14	0	0	0	0	8	4	0	0	8	0	0	0	0	0	25	0	0	0	0	0	0	0	0	0	0	0
142_R2.fasta	142	2	148	15647	2949	0	0	0	4	0	0	0	8727	57	5	2297	25	0	0	0	0	0	1140	192	34	0	0	0	0	8	2	0	0	0	1840	0	0	854	16	0	4	0	0	1	0	0	0	0	6	0	0	0	0	0	0	0	0	0	0	0	139	223	0	0	141	2	0	0	2	0	0	0	0	9	0	2008	203	0	0	1	0	0	14	0	0	0	0	4	0	0	0	8	0	0	0	0	0	24	0	0	0	0	0	0	0	0	0	0	0
143_R1.fasta	143	1	41	26196	3650	0	0	26	0	0	0	0	11026	2	67	1536	102	0	0	0	0	0	56	215	90	0	0	0	0	0	0	0	0	0	2047	0	0	905	22	0	0	0	0	12	0	0	0	0	0	0	0	0	0	0	0	0	0	0	0	0	108	158	0	0	174	0	0	3	23	0	0	0	0	0	23	2653	252	0	0	0	0	0	0	0	0	0	0	0	0	0	0	4	0	0	0	0	0	25	0	0	0	0	0	0	0	0	0	0	0
143_R2.fasta	143	2	41	24771	3605	0	0	26	0	0	0	0	11421	2	60	1785	101	0	0	0	0	0	45	154	90	0	0	0	0	0	0	0	0	0	2076	0	0	908	23	0	0	0	0	12	0	0	0	0	0	0	0	0	0	0	0	0	0	0	0	0	106	294	0	0	170	0	0	2	25	0	0	0	0	0	23	2593	243	0	0	0	0	0	0	0	0	0	0	0	0	0	0	4	0	0	0	0	0	24	0	0	0	0	0	0	0	0	0	0	0
144_R1.fasta	144	1	43	6544	1670	0	0	13	8	0	0	0	3879	28	1071	144	22	0	0	0	0	0	6837	1369	83	0	0	0	0	0	0	0	0	0	689	0	0	781	35	0	19	0	0	1	9	0	0	0	0	0	0	0	0	0	0	0	0	0	0	0	2990	145	0	0	96	4	0	84	14	0	0	0	0	6	0	2723	313	0	0	4	0	92	0	1	0	0	0	28	0	3	57	4	0	8	0	0	0	11	0	0	0	0	0	0	0	0	0	0	0
144_R2.fasta	144	2	41	6038	1649	0	0	14	8	0	0	0	3906	23	965	143	23	0	0	0	0	0	5384	933	83	0	0	0	0	0	0	0	0	0	832	0	0	781	35	0	1	0	0	0	5	0	0	0	0	0	0	0	0	0	0	0	0	0	0	0	2933	304	0	0	95	4	0	83	15	0	0	0	0	6	0	2682	303	0	0	4	0	92	0	1	0	0	0	26	0	2	1	3	0	6	0	0	0	11	0	0	0	0	0	0	0	0	0	0	0
145_R1.fasta	145	1	61	11815	1821	1	0	13	26	0	0	0	10533	7	132	1385	45	0	0	1	0	0	1778	859	159	0	0	0	0	50	0	0	0	0	1752	0	0	1232	154	0	0	3	4	0	0	0	0	0	7	0	0	0	0	0	0	0	2	0	0	1	68	122	0	0	108	0	0	22	6	0	0	0	0	11	0	1884	207	0	0	0	0	0	0	0	0	0	0	0	0	0	0	1	0	0	0	0	0	7	0	0	0	0	0	0	0	0	0	0	0
145_R2.fasta	145	2	60	10904	1797	1	0	14	26	0	0	0	10789	7	124	1238	42	0	0	1	0	0	1396	608	154	0	0	0	0	46	0	0	0	0	1769	0	0	1233	156	0	0	2	4	0	0	0	0	0	6	0	0	0	0	0	0	0	2	0	0	1	65	182	0	0	108	0	0	18	8	0	0	0	0	11	0	1855	201	0	0	0	0	0	0	0	0	0	0	0	0	0	0	11	0	0	0	0	0	8	0	0	0	0	0	0	0	0	0	0	0
146_R1.fasta	146	1	557	8629	1869	4	0	29	11	7	0	0	16776	2206	169	623	222	0	0	0	0	0	2207	780	371	0	0	1	0	0	0	0	0	0	2117	0	0	1005	124	0	0	0	0	12	0	0	0	0	0	0	0	0	0	1	0	0	0	0	0	0	7	295	0	0	401	5	0	70	44	0	0	0	0	47	2	5854	540	0	0	0	0	0	0	0	8	0	0	0	0	0	0	73	0	0	0	0	0	116	0	0	0	0	0	0	0	0	0	0	0
146_R2.fasta	146	2	574	7999	1846	4	0	28	9	7	0	0	18258	2181	160	1370	224	0	0	0	0	0	1653	568	367	0	0	1	0	1	0	0	0	0	2736	0	0	1009	125	1	0	0	0	11	0	0	0	0	0	0	0	0	0	1	0	0	0	0	0	0	5	559	0	0	407	5	0	68	41	0	0	0	0	45	1	5767	517	0	0	0	0	0	0	0	8	0	0	0	0	0	0	56	0	0	0	0	0	114	0	0	0	0	0	0	0	0	0	0	0
147_R1.fasta	147	1	367	14554	1563	0	0	16	22	0	0	0	11247	25	197	530	103	0	0	0	0	0	253	385	92	0	0	0	0	0	0	0	0	0	1090	0	0	6790	92	0	12	2	0	0	0	0	0	0	3	0	0	0	0	0	0	0	0	0	0	2	100	66	0	0	122	13	0	25	18	0	0	0	0	13	0	2041	292	0	0	0	0	0	0	0	0	0	0	20	0	1	22	0	0	0	0	0	0	18	0	0	0	0	0	0	0	0	0	0	0
147_R2.fasta	147	2	364	13692	1552	1	0	15	22	0	0	0	12047	12	185	521	103	0	0	0	0	0	206	279	88	0	1	0	0	0	0	0	0	0	1432	0	0	6776	92	0	0	2	0	0	0	0	0	0	3	0	1	0	0	0	0	0	0	0	0	1	99	121	0	0	123	11	0	23	18	0	0	0	0	13	0	2020	287	0	0	0	0	0	0	0	0	0	0	15	0	0	0	0	0	0	0	0	0	18	0	0	0	0	0	0	0	0	0	0	0
148_R1.fasta	148	1	323	13481	2544	0	0	2	0	0	0	0	13061	14	641	461	126	0	0	0	0	0	4069	6171	20	0	0	0	0	0	0	0	0	0	1681	0	0	4430	39	0	19	9	1	13	0	0	0	0	0	0	0	0	0	0	0	0	0	0	0	1	257	91	0	0	67	8	0	21	0	0	0	0	0	0	1	1000	106	0	0	0	0	264	0	0	0	0	0	2	0	3	0	0	0	0	0	0	0	14	0	0	0	0	0	0	0	0	0	0	0
148_R2.fasta	148	2	322	12262	2470	0	0	2	0	0	0	0	13341	13	576	475	132	0	0	0	0	0	3126	3893	21	0	0	0	0	0	0	0	0	0	1996	0	0	4413	49	0	1	3	1	5	0	0	0	0	0	0	0	0	0	0	0	0	0	0	0	1	251	120	0	0	67	8	0	20	0	0	0	0	0	0	1	983	100	0	0	0	0	263	0	0	0	0	0	2	0	1	0	0	0	0	0	0	0	16	0	0	0	0	0	0	0	0	0	0	0
149_R1.fasta	149	1	233	14929	2826	2	0	0	0	1	0	0	7050	78	735	390	125	0	0	0	0	0	2873	377	1	0	0	0	0	0	0	0	0	0	1015	0	0	1985	12	0	0	1	0	0	0	0	0	0	0	0	0	0	1	0	0	0	2	0	0	0	4394	33	0	0	14	0	0	7	0	0	0	0	0	0	0	325	68	0	0	0	0	0	0	0	0	0	0	0	0	0	1	0	0	0	0	0	0	10	0	0	0	0	0	0	14	0	0	0	0
149_R2.fasta	149	2	233	13744	2784	2	0	0	0	0	0	0	7151	83	668	415	127	0	0	0	0	0	2198	269	1	0	0	0	0	0	0	0	0	0	1224	0	0	1982	12	0	0	1	0	0	0	0	0	0	0	0	0	0	0	0	0	0	2	0	0	0	4300	51	0	0	14	0	0	5	0	0	0	0	0	0	0	315	66	0	0	0	0	0	0	0	0	0	0	0	0	0	1	0	0	0	0	0	0	10	0	0	0	0	0	0	15	0	0	0	0
150_R1.fasta	150	1	661	5126	4691	0	0	31	10	0	0	0	11204	17	1748	290	75	0	0	0	0	0	378	266	38	0	0	0	0	5	0	0	0	0	2388	0	0	1846	3	0	0	0	0	0	0	0	0	0	0	0	0	0	0	4	0	0	0	0	0	0	8	66	0	0	45	0	0	9	17	0	0	0	0	0	0	1010	121	0	0	0	0	0	0	0	0	0	0	0	0	0	0	0	0	0	0	0	0	26	0	0	0	0	0	0	0	0	0	0	0
150_R2.fasta	150	2	665	4758	4641	0	0	31	8	0	0	0	11909	17	1570	288	73	0	0	0	0	0	269	189	37	0	0	0	0	5	0	0	0	0	2828	0	0	1849	3	0	0	0	0	0	0	0	0	0	0	0	0	0	0	4	0	0	0	0	0	0	8	98	0	0	42	0	0	8	15	0	0	0	0	0	0	989	114	0	0	0	0	0	0	0	0	0	0	0	0	0	0	0	0	0	5	0	0	23	0	0	0	0	0	0	0	0	0	0	0
151_R1.fasta	151	1	402	14506	5	1	0	48	0	0	0	0	5276	548	723	329	0	1	0	106	0	0	5584	988	121	0	0	0	5	10	0	0	0	0	81	0	0	5337	56	0	41	0	0	3	0	0	0	0	15	0	0	0	55	0	0	0	1	1	1	1	9	325	0	0	277	22	6	37	15	0	0	0	0	73	0	3304	427	0	0	18	0	0	0	0	0	0	0	0	0	0	0	0	0	0	0	0	0	26	0	0	0	0	0	0	0	1	0	0	0
151_R2.fasta	151	2	403	13523	4	1	0	48	0	0	0	0	5305	541	899	331	0	1	0	0	0	0	4181	714	120	0	0	0	8	9	0	0	0	0	79	0	0	5346	55	0	1	0	0	3	0	0	0	0	14	0	0	0	48	0	0	0	1	1	1	1	10	426	0	0	276	22	6	31	14	0	0	0	0	73	0	3242	400	0	0	18	0	0	0	0	0	0	0	0	0	0	0	0	0	0	0	0	0	26	0	0	0	0	0	0	0	0	0	0	0
152_R1.fasta	152	1	546	15473	3154	1	0	23	0	1	0	0	6857	173	1499	438	183	0	0	0	0	0	10967	616	26	0	0	0	0	0	0	0	0	0	744	0	0	2388	6	0	19	0	0	0	0	0	0	0	0	0	0	0	0	0	0	0	0	0	0	0	1069	73	0	0	27	0	0	0	18	0	0	0	0	19	0	1202	94	0	0	0	0	0	0	0	0	0	0	0	0	0	0	0	0	0	0	0	0	25	0	0	0	0	0	0	0	0	0	0	0
152_R2.fasta	152	2	543	14571	3119	0	0	22	0	0	0	0	7278	165	1370	442	188	0	0	0	0	0	8494	426	26	0	0	0	0	0	0	0	0	0	1061	0	0	2380	5	0	1	0	0	0	0	0	0	0	0	0	0	0	0	0	0	0	0	0	0	0	1053	100	0	0	28	0	0	0	19	0	0	0	0	19	0	1174	90	0	0	0	0	0	0	0	0	0	0	0	0	0	0	0	0	0	0	0	0	22	0	0	0	0	0	0	0	0	0	0	0
153_R1.fasta	153	1	129	14752	3742	1	0	38	6	0	0	7	9531	0	542	3255	175	0	0	0	0	0	1386	24	138	0	0	0	0	0	0	0	0	0	827	0	0	2032	55	0	0	0	0	0	0	0	0	0	7	0	0	0	0	0	0	0	0	0	0	0	277	205	0	0	164	0	0	25	3	0	22	0	0	23	0	3628	373	0	0	0	0	0	0	0	0	0	0	37	0	0	0	0	0	0	0	0	0	24	0	24	0	0	0	0	0	0	0	0	0
153_R2.fasta	153	2	127	13954	3712	1	0	36	6	0	0	3	10355	0	494	3298	179	0	0	0	0	0	1094	17	136	0	0	0	0	0	0	0	0	0	932	0	0	2021	55	0	0	0	0	0	0	0	0	0	7	0	0	0	0	0	0	0	0	0	0	0	272	322	0	0	164	0	0	23	7	0	7	0	0	22	0	3585	356	0	0	0	0	0	0	0	0	0	0	33	0	0	0	0	0	0	0	0	0	25	0	24	0	0	0	0	0	0	0	0	0
154_R1.fasta	154	1	271	13010	3757	0	0	6	6	0	0	0	10023	0	228	589	354	0	0	0	0	0	859	22	94	0	0	0	0	11	0	0	0	0	1118	0	0	810	19	1	0	2	0	9	0	0	0	0	19	0	0	0	0	0	0	0	0	1	0	0	111	371	0	0	207	0	0	16	6	0	0	0	0	31	0	4772	570	0	1	0	0	0	0	0	0	0	0	27	0	0	0	0	0	0	0	0	0	47	0	0	0	0	0	0	0	0	0	0	0
154_R2.fasta	154	2	277	12241	3706	0	0	6	5	0	0	0	10812	0	202	583	359	0	0	0	0	0	683	20	93	0	0	0	0	9	0	0	0	0	1339	0	0	809	19	1	0	2	0	5	0	0	0	0	18	0	0	0	0	0	0	0	0	4	0	0	109	539	0	0	209	0	0	14	9	0	0	0	0	30	0	4713	543	0	1	0	0	0	0	0	0	0	0	26	0	0	0	0	0	0	0	0	0	45	0	0	0	0	0	0	0	0	0	0	0
155_R1.fasta	155	1	659	6762	4	0	0	5	0	0	0	0	2479	64	169	29	0	0	0	0	0	0	10923	1148	68	0	1	13	0	0	0	0	0	0	8	0	0	1502	25	1	20	0	13	0	0	0	0	0	15	0	0	0	49	0	0	0	1	0	0	0	1	58	0	0	98	0	0	105	0	0	0	0	0	19	0	1389	125	0	0	0	0	0	0	0	0	0	0	0	0	7	3	4	0	0	0	0	0	24	0	0	0	0	0	0	0	0	0	0	0
155_R2.fasta	155	2	657	6291	2	0	0	5	0	0	0	0	2479	64	218	27	0	0	0	0	0	0	8185	870	70	0	0	13	0	0	0	0	0	0	8	0	0	1500	24	1	2	0	12	0	0	0	0	0	13	0	0	0	35	0	0	0	1	2	0	0	0	127	0	0	96	0	0	98	0	0	0	0	0	19	0	1378	114	0	0	0	0	0	0	0	0	0	0	0	0	1	0	3	0	0	0	0	0	25	0	0	0	0	0	0	0	0	0	0	0
156_R1.fasta	156	1	497	17099	4	0	0	63	0	0	0	0	6866	157	976	185	0	0	0	14	0	0	13189	1400	29	0	0	0	0	51	0	0	0	0	0	0	0	5459	16	0	0	0	0	0	0	0	0	0	0	0	0	0	119	0	0	0	0	0	0	0	1	91	0	0	41	0	0	99	0	0	0	0	0	24	0	2837	274	0	0	0	0	0	0	0	0	0	0	0	0	0	0	0	0	0	0	0	0	105	0	0	0	0	0	0	0	0	0	0	0
156_R2.fasta	156	2	499	15834	0	0	0	62	0	0	0	0	6876	156	1116	187	0	0	0	0	0	0	9717	1059	29	0	0	0	0	39	0	0	0	0	0	0	0	5464	16	0	0	0	0	0	0	0	0	0	0	0	0	0	89	0	0	0	0	0	0	0	1	192	0	0	38	0	0	95	0	0	0	0	0	24	0	2785	258	0	0	0	0	0	0	0	0	0	0	0	0	0	0	0	0	0	0	0	0	101	0	0	0	0	0	0	0	0	0	0	0
157_R1.fasta	157	1	240	9320	2	0	0	0	14	0	0	0	2823	371	709	68	0	0	0	4	0	0	9972	871	34	10	0	0	0	14	0	0	0	0	2	0	0	863	50	0	0	0	0	29	0	0	0	0	0	0	0	0	37	0	0	0	0	0	0	0	2	124	0	0	127	0	0	70	7	0	0	0	0	1	0	1672	180	0	0	0	0	0	0	0	0	0	0	0	0	8	39	0	0	15	0	0	0	19	0	0	0	0	0	0	0	0	0	0	0
157_R2.fasta	157	2	235	8354	1	0	0	0	13	0	0	0	2810	369	743	92	0	0	0	0	0	0	7319	649	34	10	0	0	0	11	0	0	0	0	1	0	0	868	50	0	0	0	0	24	0	0	0	0	0	0	0	0	26	0	0	0	0	0	0	0	0	140	0	0	126	0	0	66	13	0	0	0	0	1	0	1649	171	0	0	0	0	0	0	0	0	0	0	0	0	2	0	0	0	14	0	23	0	19	0	0	0	0	0	0	0	0	0	0	0
158_R1.fasta	158	1	296	16205	3975	0	0	4	2	0	0	0	9846	52	155	426	59	0	0	0	0	0	1004	142	43	0	0	0	0	0	0	0	0	0	1442	0	0	1827	6	5	1	0	0	0	0	0	0	0	0	0	0	0	1	0	0	0	0	0	0	0	383	61	0	0	59	0	0	10	4	0	0	0	0	7	1	871	109	0	0	0	0	0	0	0	0	0	0	0	0	0	0	3	0	0	0	0	0	3	0	0	0	0	0	0	0	0	0	0	0
158_R2.fasta	158	2	299	15066	3946	0	0	5	2	1	0	0	10038	54	141	441	60	0	0	0	0	0	806	108	42	0	0	0	0	0	0	0	0	0	1412	0	0	1831	6	3	1	0	0	0	0	0	0	0	0	0	0	0	1	0	0	0	0	0	0	0	372	93	0	0	59	0	0	8	5	0	0	0	0	6	1	860	107	0	0	0	0	0	0	0	0	0	0	0	0	0	0	2	0	0	0	0	0	3	0	0	0	0	0	0	0	0	0	0	0
159_R1.fasta	159	1	284	4334	2930	0	0	0	30	0	0	0	10141	1703	1019	243	83	0	0	0	0	0	7439	708	27	0	4	0	0	9	0	0	0	0	827	0	0	722	5	0	0	0	0	37	0	0	0	0	0	0	0	0	0	0	0	0	0	0	0	0	11	97	0	0	218	20	0	57	0	0	0	0	0	70	0	2030	269	0	0	0	0	0	0	0	0	0	0	0	0	0	0	3	0	0	0	0	0	26	0	0	0	0	0	0	0	0	0	0	0
159_R2.fasta	159	2	283	4035	2905	0	0	0	31	0	0	0	10576	1655	928	344	86	0	0	0	0	0	5753	546	26	0	0	0	0	7	0	0	0	0	1227	0	0	720	5	0	0	0	0	27	0	0	0	0	0	0	0	0	0	0	0	0	0	0	0	0	10	283	0	0	210	20	0	53	0	0	0	0	0	70	0	2003	260	0	0	0	0	0	0	0	0	0	0	0	0	0	0	3	0	0	0	0	0	24	0	0	0	0	0	0	0	0	0	0	0
160_R1.fasta	160	1	218	10347	1949	1	0	7	0	18	0	0	9460	17	48	1838	31	0	0	0	0	0	1383	309	0	0	1	0	0	0	0	0	0	0	990	0	0	1745	11	0	0	0	0	0	0	0	0	0	0	0	0	0	1	0	0	0	0	0	0	0	525	20	0	0	10	0	0	0	0	0	0	0	0	0	0	304	35	0	0	0	0	0	0	0	0	0	0	0	0	0	0	0	0	0	0	0	0	0	0	0	0	0	0	0	0	0	0	0	0
160_R2.fasta	160	2	215	9721	1926	0	0	7	0	18	0	0	9721	16	43	1662	32	0	0	0	0	0	1108	242	0	0	0	0	0	0	0	0	0	0	1010	0	0	1744	11	0	0	0	0	0	0	0	0	0	0	0	0	0	1	0	0	0	0	0	0	0	511	30	0	0	10	0	0	0	1	0	0	0	0	0	0	299	35	0	0	0	0	0	0	0	0	0	0	0	0	0	0	0	0	0	0	0	0	0	0	0	0	0	0	0	0	0	0	0	0
161_R1.fasta	161	1	456	9295	1753	4	0	36	14	0	0	0	6601	27	242	504	35	0	0	0	0	0	2932	27	152	0	0	0	0	0	0	0	0	0	849	1	0	1216	0	0	0	1	4	0	0	0	0	0	1	0	0	0	0	0	0	0	2	0	0	3	427	207	0	0	277	0	0	0	39	0	0	0	0	27	6	2479	440	0	0	16	0	0	0	0	0	0	0	0	0	0	0	0	0	0	0	0	0	6	0	0	0	0	0	0	0	0	0	0	0
161_R2.fasta	161	2	453	8675	1735	3	0	35	14	0	0	0	6954	16	225	504	36	0	0	0	0	0	2306	21	150	0	1	0	0	0	0	0	0	0	963	0	0	1214	0	0	0	1	4	0	0	0	0	0	1	0	0	0	0	0	0	0	1	0	0	3	419	335	0	0	279	0	0	0	40	0	0	0	0	26	7	2442	428	0	0	16	0	0	0	0	0	0	0	0	0	0	0	0	0	0	0	0	0	6	0	0	0	0	0	0	0	0	0	0	0
162_R1.fasta	162	1	149	12572	3005	0	0	191	18	1	0	0	4972	108	89	472	49	0	0	0	0	0	4129	490	428	0	1	0	0	21	0	0	0	0	336	10	0	598	57	0	0	2	9	0	0	0	0	0	13	0	0	0	0	0	0	0	2	0	1	0	928	491	0	0	524	30	8	231	38	0	0	0	0	48	7	5977	549	0	0	0	0	0	0	0	0	0	0	0	0	0	0	0	18	0	0	0	3	106	0	0	0	0	0	0	0	0	0	0	0
162_R2.fasta	162	2	147	12053	2961	0	0	188	18	0	0	0	5223	42	84	457	50	0	0	0	0	0	3254	387	427	0	1	0	0	18	0	0	0	0	717	10	0	597	56	0	0	2	6	0	0	0	0	0	13	0	0	0	0	0	0	0	2	0	0	0	914	819	0	0	528	31	7	208	59	0	0	0	0	46	6	5891	531	0	0	0	0	0	0	0	0	0	0	0	0	0	0	0	15	0	0	0	0	105	0	0	0	0	0	0	0	0	0	0	0
163_R1.fasta	163	1	376	9758	1608	2	0	2	34	0	0	0	9906	68	15	923	0	1	0	0	0	0	5114	317	1	0	1	0	0	0	0	0	0	0	1200	2	0	641	39	2	0	0	0	0	0	0	0	0	0	0	0	0	0	0	0	0	3	0	0	1	358	41	0	0	0	0	0	0	9	0	0	0	0	2	0	416	54	0	0	0	0	0	0	0	0	0	0	0	0	0	0	0	0	0	0	0	0	12	0	0	0	0	0	0	0	0	0	0	0
163_R2.fasta	163	2	375	9255	1589	2	0	1	33	0	0	0	10175	71	14	855	0	1	0	0	0	0	4047	224	0	0	1	0	0	0	0	0	0	0	1313	2	0	642	42	0	0	0	0	0	0	0	0	0	0	0	0	0	0	0	0	0	3	1	0	2	351	97	0	0	0	0	0	0	9	0	0	0	0	2	0	409	50	0	0	0	0	0	0	0	0	0	0	0	0	0	0	1	0	0	0	0	0	12	0	0	0	0	0	0	0	0	0	0	0
164_R1.fasta	164	1	5	7484	1423	1	0	0	0	1	0	0	5449	0	373	236	37	0	0	0	0	0	5126	1363	4	0	0	1	0	0	0	0	0	0	751	0	0	856	36	3	14	1	0	0	0	0	0	0	4	0	0	0	0	0	0	0	0	0	0	0	1022	66	0	0	138	1	0	49	0	0	0	0	0	11	0	1119	122	0	0	0	0	54	0	0	0	0	0	0	0	0	39	28	0	0	0	0	0	15	0	0	0	0	0	0	0	0	0	0	0
164_R2.fasta	164	2	5	6900	1409	1	0	0	0	0	0	0	5508	0	349	238	37	0	16	0	0	0	3967	889	4	0	0	0	0	0	0	0	0	0	956	0	0	857	48	2	2	1	0	0	0	0	0	0	3	0	0	0	0	0	0	0	0	0	0	0	997	104	0	0	136	0	0	48	0	0	0	0	0	11	0	1090	121	0	0	0	0	52	0	0	0	0	0	0	0	0	0	26	0	3	0	0	0	14	0	0	0	0	0	0	0	0	0	0	0
165_R1.fasta	165	1	26	4410	1048	0	0	0	0	0	0	0	3210	1	101	231	85	0	0	0	0	0	2057	980	50	0	1	1	0	27	0	0	0	0	325	0	0	620	3	0	0	0	0	0	0	0	0	0	0	0	0	0	0	0	0	0	0	0	0	4	272	45	0	0	86	0	0	15	0	0	0	0	0	1	0	1115	108	0	0	0	0	31	0	0	0	0	0	0	0	0	0	0	0	0	0	0	0	0	0	0	0	0	0	0	0	0	0	0	0
165_R2.fasta	165	2	26	4037	1045	0	0	0	0	0	0	0	3310	0	88	229	91	0	0	0	0	0	1603	650	51	0	0	1	0	24	0	0	0	0	460	0	0	620	3	0	0	0	0	0	0	0	0	0	0	0	0	0	0	0	0	0	0	0	0	4	266	89	0	0	86	0	0	15	0	0	0	0	0	1	0	1091	98	0	0	0	0	31	0	0	0	0	0	0	0	0	0	0	0	0	0	0	0	0	0	0	0	0	0	0	0	0	0	0	0
166_R1.fasta	166	1	143	2265	1294	0	0	83	8	1	0	0	7179	1706	491	163	20	0	0	0	0	0	1865	1047	60	0	0	0	0	11	0	0	0	0	534	0	0	834	6	0	0	0	0	0	0	0	0	0	0	0	0	0	0	0	0	0	0	0	0	0	1	271	0	0	196	0	0	0	0	0	0	0	0	13	0	2316	498	0	0	0	0	0	0	0	0	0	0	0	0	0	0	0	0	0	0	0	0	0	0	0	0	0	0	0	0	0	0	0	0
166_R2.fasta	166	2	144	2104	1273	0	0	79	7	0	0	0	7235	1667	440	194	20	0	0	0	0	0	1349	746	59	0	0	0	0	8	0	0	0	0	635	0	0	831	6	0	0	0	0	0	0	0	0	0	0	0	0	0	0	0	0	0	0	0	0	0	0	391	0	0	193	0	0	0	0	0	0	0	0	13	0	2266	481	0	0	0	0	0	0	0	0	0	0	0	0	0	0	0	0	0	0	0	0	0	0	0	0	0	0	0	0	0	0	0	0
167_R1.fasta	167	1	107	8052	1663	4	0	0	0	2	0	23	3773	1	134	183	152	0	0	0	0	0	1613	996	1	0	0	0	0	0	0	0	0	0	643	0	0	1237	0	0	0	0	0	0	0	0	0	0	45	0	0	13	0	0	0	0	6	1	0	0	432	169	0	0	71	0	0	21	1	0	0	0	0	0	0	1669	344	0	0	0	0	61	0	0	0	0	0	2	0	2	0	0	0	0	0	0	0	14	0	0	0	0	0	0	0	0	0	0	0
167_R2.fasta	167	2	108	7468	1643	5	0	0	0	0	0	23	3890	0	126	188	151	0	0	0	0	0	1242	663	1	0	1	0	0	0	0	0	0	0	669	0	0	1234	0	0	0	0	0	0	0	0	0	0	41	0	0	6	0	0	0	0	5	1	0	0	421	260	0	0	71	0	0	19	8	0	0	0	0	0	0	1640	327	0	0	0	0	63	0	0	0	0	0	2	0	1	0	0	0	0	0	0	0	30	0	0	0	0	0	0	0	0	0	0	0
168_R1.fasta	168	1	425	12624	3048	4	0	2	0	0	0	0	9284	0	310	824	99	0	0	0	0	0	1	518	68	0	0	0	0	0	0	0	0	0	1748	0	0	1504	0	1	0	0	1	0	0	0	0	0	0	0	0	0	0	0	0	0	8	2	0	0	1117	61	0	0	122	0	0	0	0	0	0	0	0	5	0	1597	321	0	0	0	0	0	0	0	0	0	0	21	0	0	0	3	0	0	0	0	0	0	0	0	0	0	0	0	0	0	0	0	0
168_R2.fasta	168	2	421	11880	3036	4	0	2	0	0	0	0	9421	0	277	825	101	0	0	0	0	0	1	352	69	0	0	0	0	0	0	0	0	0	1849	0	0	1509	0	1	0	0	1	0	0	0	0	0	0	0	0	0	0	0	0	0	8	2	0	0	1099	120	0	0	123	0	0	0	0	0	0	0	0	5	0	1577	311	0	0	0	0	0	0	0	0	0	0	18	0	0	0	2	0	0	0	0	0	0	0	0	0	0	0	0	0	0	0	0	0
169_R1.fasta	169	1	402	20559	4162	1	0	2	0	1	0	0	13581	0	342	891	146	1	0	0	0	0	385	51	151	0	0	0	0	0	0	0	0	0	1884	1	0	1774	9	0	0	0	0	0	0	0	0	0	0	0	0	0	0	0	0	0	1	0	1	2	519	48	0	0	108	0	0	0	0	0	0	0	0	2	0	1563	196	0	0	0	0	0	0	0	0	0	0	0	0	0	0	0	0	0	0	0	0	51	0	2	0	0	0	0	0	0	0	0	0
169_R2.fasta	169	2	396	19159	4128	2	0	2	0	0	0	0	14152	0	316	880	148	1	0	0	0	0	302	38	146	0	0	0	0	0	0	0	0	0	1855	1	0	1782	9	0	0	0	0	0	0	0	0	0	0	0	0	0	0	0	0	0	1	0	0	2	513	168	0	0	112	0	0	0	0	0	0	0	0	1	0	1548	182	0	0	0	0	0	0	0	0	0	0	0	0	0	0	0	0	0	0	0	0	50	0	1	0	0	0	0	0	0	0	0	0
170_R1.fasta	170	1	347	14659	2026	3	0	0	39	2	0	0	8793	0	248	768	62	1	0	0	0	0	1521	1189	69	0	0	0	0	0	0	0	0	0	1040	0	0	1527	0	0	0	0	1	0	0	0	0	0	0	0	0	0	0	0	0	0	1	0	0	0	663	98	0	0	121	0	0	0	0	0	0	0	0	1	26	1577	118	0	0	0	0	1	0	0	0	0	0	0	0	0	0	0	0	0	0	0	0	0	0	0	0	0	0	0	0	0	0	0	0
170_R2.fasta	170	2	341	13654	1998	3	0	0	37	0	0	0	8947	0	223	763	63	1	0	0	0	0	1175	789	68	0	0	0	0	0	0	0	0	0	1060	0	0	1525	0	0	0	0	1	0	0	0	0	0	1	0	0	0	0	0	0	0	1	0	0	0	650	228	0	0	123	0	0	0	0	0	0	0	0	1	23	1557	114	0	0	0	0	0	0	0	0	0	0	0	0	0	0	2	0	0	0	0	0	0	0	0	0	0	0	0	0	0	0	0	0
171_R1.fasta	171	1	0	1352	371	1	0	7	0	0	0	0	792	422	354	42	38	0	0	0	0	0	2861	8	36	0	0	0	0	24	0	0	0	0	274	0	0	73	11	1	20	3	0	9	0	0	0	0	0	0	0	0	0	0	0	0	0	0	0	7	338	82	0	0	74	0	0	26	0	0	0	0	0	4	23	1110	137	0	0	0	0	0	0	0	0	0	0	0	0	0	0	0	0	0	0	0	0	22	0	0	0	0	0	0	0	0	0	0	0
171_R2.fasta	171	2	0	1260	362	1	0	7	0	0	0	0	785	382	318	42	38	0	0	0	0	0	2225	8	34	0	0	1	0	20	0	0	0	0	268	0	0	74	10	0	0	2	0	5	0	0	0	0	0	0	0	0	0	0	0	0	0	0	0	6	325	127	0	0	81	0	0	25	0	0	0	0	0	4	23	1091	124	0	0	0	0	0	0	0	0	0	0	0	0	0	0	0	0	0	0	0	0	22	0	0	0	0	0	0	0	0	0	0	0
172_R1.fasta	172	1	58	10489	1092	0	0	0	0	0	0	0	9769	45	347	771	95	0	0	0	0	0	1989	298	5	0	0	0	0	7	0	0	0	0	1024	0	0	639	28	0	0	0	0	0	0	0	0	0	0	0	0	0	0	0	0	0	0	0	0	0	127	23	0	0	69	0	0	0	0	0	0	0	0	40	0	955	70	0	0	0	0	0	2	0	0	0	0	19	0	0	0	0	0	0	0	0	0	0	0	0	0	0	0	0	0	0	0	0	0
172_R2.fasta	172	2	58	9756	1072	0	0	0	0	0	0	0	9841	41	316	562	95	0	0	0	0	0	1494	211	4	0	0	0	0	6	0	0	0	0	1108	0	0	638	26	0	0	0	0	0	0	0	0	0	0	0	0	0	0	0	0	0	0	0	0	0	118	35	0	0	72	0	0	0	0	0	0	0	0	39	0	940	68	0	0	0	0	0	0	0	0	0	0	17	0	0	0	0	0	0	0	0	0	0	0	0	0	0	0	0	0	0	0	0	0
173_R1.fasta	173	1	71	11732	926	0	0	58	0	30	0	0	7582	38	0	1519	2	0	0	0	0	0	800	84	135	0	0	0	0	0	0	0	0	0	666	0	0	1132	2	0	0	0	0	47	0	0	0	0	0	0	0	0	0	0	0	0	0	0	0	0	99	371	0	0	359	12	0	55	35	0	0	0	0	23	0	4764	323	0	0	0	0	0	0	0	0	0	0	6	0	0	0	0	0	0	0	0	0	28	0	0	0	0	0	0	0	0	0	0	0
173_R2.fasta	173	2	72	11034	916	0	0	57	0	28	0	0	7907	10	0	1262	2	0	0	0	0	0	620	62	134	0	0	0	0	0	0	0	0	0	676	0	0	1130	2	0	0	0	0	44	0	0	0	0	0	0	0	0	0	0	0	0	0	0	0	0	95	641	0	0	357	11	0	49	43	0	0	0	0	23	0	4696	308	0	0	0	0	0	0	0	0	0	0	3	0	0	0	1	0	0	6	0	0	29	0	0	0	0	0	0	0	0	0	0	0
174_R1.fasta	174	1	103	851	1224	0	0	15	17	3	0	0	5483	325	123	91	69	0	0	0	0	0	1447	135	109	0	0	0	0	0	0	0	0	0	644	0	0	360	1	0	0	0	0	12	0	0	0	0	12	0	0	0	0	0	0	0	0	0	0	0	2	59	0	0	174	3	0	0	3	0	0	0	0	18	0	2733	256	0	0	0	0	0	0	0	0	0	0	11	0	0	0	0	0	0	0	0	0	57	0	0	0	0	0	0	0	0	0	0	0
174_R2.fasta	174	2	107	805	1222	0	0	15	14	0	0	0	5661	298	116	89	70	0	0	0	0	0	1130	106	105	0	0	0	0	0	0	0	0	0	653	0	0	359	1	0	0	0	0	9	0	0	0	0	10	0	0	0	0	0	0	0	0	0	0	0	1	214	0	0	175	2	0	0	10	0	0	0	0	18	0	2714	243	0	0	0	0	0	0	0	0	0	0	9	0	0	0	0	0	0	0	0	0	56	0	0	0	0	0	0	0	0	0	0	0
175_R1.fasta	175	1	301	11035	2314	0	0	0	0	0	0	0	10449	0	516	703	168	0	0	0	0	0	5994	772	8	16	0	0	0	0	0	0	0	0	1901	0	0	1451	27	0	0	0	0	0	0	0	0	0	0	0	0	0	0	0	0	0	0	0	0	0	729	15	0	0	2	0	0	0	0	0	0	0	0	33	0	241	155	0	0	0	0	0	0	0	0	0	0	0	0	0	0	0	0	0	0	0	0	0	0	0	0	0	0	0	0	0	0	0	0
175_R2.fasta	175	2	298	10161	2295	0	0	0	0	0	0	0	10583	0	473	708	173	0	0	0	0	0	4835	556	7	11	1	0	0	0	0	0	0	0	1774	0	0	1449	27	0	0	0	0	0	0	0	0	0	0	0	0	0	0	0	0	0	0	0	0	0	714	10	0	0	2	0	0	0	0	0	0	0	0	31	0	237	152	0	0	0	0	0	0	0	0	0	0	0	0	0	0	0	0	0	0	0	0	0	0	0	0	0	0	0	0	0	0	0	0
176_R1.fasta	176	1	221	7270	1200	0	0	0	0	0	0	0	5378	27	247	493	54	0	0	0	0	0	919	3050	0	0	2	0	0	0	0	0	0	0	393	0	0	2546	0	0	0	0	0	0	0	0	0	0	0	0	0	0	0	0	0	0	0	0	0	0	488	27	0	0	1	0	0	0	0	0	0	0	0	0	0	311	80	0	0	0	0	0	0	0	0	0	0	0	0	0	0	0	0	0	0	0	0	0	0	0	0	48	0	0	0	0	0	0	0
176_R2.fasta	176	2	217	6727	1193	0	0	0	0	0	0	0	5429	9	221	502	54	0	0	0	0	0	705	2076	0	0	0	0	0	0	0	0	0	0	421	0	0	2546	0	0	0	0	0	0	0	0	0	0	0	0	0	0	0	0	0	0	0	0	0	0	479	40	0	0	0	0	0	0	0	0	0	0	0	0	0	308	80	0	0	0	0	0	0	0	0	0	0	0	0	0	0	0	0	0	0	0	0	0	0	0	0	43	0	0	0	0	0	0	0
177_R1.fasta	177	1	254	2567	3370	0	0	0	0	0	0	0	13257	1091	665	186	14	0	0	0	0	0	1519	1564	76	0	0	0	0	0	0	0	0	0	829	0	0	1393	65	0	0	2	1	0	0	0	0	0	0	0	0	0	0	0	0	0	0	0	0	1	47	122	0	0	61	0	0	35	0	0	0	4	0	0	0	1178	135	0	0	0	0	1	0	0	0	0	0	27	0	0	0	0	0	0	0	0	0	9	0	0	0	0	0	0	0	0	0	0	0
177_R2.fasta	177	2	249	2419	3348	0	0	0	0	0	0	0	13461	1074	611	271	13	0	0	0	0	0	1139	1125	76	0	0	0	0	0	0	0	0	0	866	0	0	1395	64	0	0	2	1	0	0	0	0	0	0	0	0	0	0	0	0	0	0	0	0	1	39	192	0	0	63	0	0	33	0	0	0	1	0	0	0	1166	135	0	0	0	0	0	0	0	0	0	0	30	0	0	0	1	0	0	0	0	0	10	0	0	0	0	0	0	0	0	0	0	0
178_R1.fasta	178	1	0	7797	1916	5	0	12	0	0	0	0	5362	0	698	256	106	2	0	0	0	0	15012	137	0	0	0	0	0	0	0	0	0	0	605	4	0	455	47	1	0	0	0	0	0	0	0	0	1	0	0	0	0	0	0	0	3	0	0	0	1371	51	0	0	196	0	0	0	0	0	0	0	0	0	0	819	0	0	0	24	0	0	0	0	0	0	0	0	0	0	0	0	0	0	0	0	0	0	0	0	0	0	0	0	0	0	0	0	0
178_R2.fasta	178	2	0	7165	1888	6	0	11	0	0	0	0	5328	0	651	256	109	2	0	0	0	0	11893	91	0	0	0	0	0	0	0	0	0	0	716	3	0	455	46	0	0	0	0	0	0	0	0	0	1	0	0	0	0	0	0	0	3	0	0	0	1347	76	0	0	200	0	0	0	0	0	0	0	0	0	0	795	0	0	0	22	0	0	0	0	0	0	0	0	0	0	0	0	0	0	0	0	0	0	0	0	0	0	0	0	0	0	0	0	0
179_R1.fasta	179	1	1	2980	813	0	0	0	0	0	0	0	2744	1	0	212	0	0	0	0	0	0	1055	170	0	0	0	0	0	0	0	0	0	0	77	124	0	3	0	0	0	0	0	0	0	0	0	0	14	0	0	0	0	0	0	0	1	0	0	12	27	44	0	0	0	0	0	0	0	0	0	0	0	0	0	542	1	0	0	0	0	247	0	0	0	0	0	0	0	0	0	0	0	0	0	0	0	0	0	0	0	0	0	0	0	0	3	0	0
179_R2.fasta	179	2	0	2759	789	0	0	0	0	0	0	0	2665	0	0	212	0	0	0	0	0	0	838	126	0	0	0	0	0	0	0	0	0	0	31	121	0	2	0	0	0	0	0	0	0	0	0	0	12	0	0	0	0	0	0	0	1	0	0	12	2	36	0	0	0	0	0	0	0	0	0	0	0	0	0	535	0	0	0	0	0	246	0	0	0	0	0	0	0	0	0	0	0	0	0	0	0	0	0	0	0	0	0	0	0	0	3	0	0
180_R1.fasta	180	1	1502	8670	6575	8	0	10	4	0	0	0	25439	7	1030	549	54	0	0	0	0	0	42	288	36	0	0	0	0	0	0	0	0	0	2650	6	0	2764	7	1	0	1	1	0	0	0	0	0	0	0	0	0	1	0	0	0	6	2	2	0	1	56	0	0	72	2	0	4	3	0	0	0	0	3	0	831	50	0	0	1	0	0	1	0	1	0	0	0	0	0	0	2	1	0	0	0	0	6	0	0	0	0	0	0	0	0	0	0	0
180_R2.fasta	180	2	1469	7837	6474	8	0	10	4	0	0	0	26831	6	836	516	54	0	0	0	0	0	31	192	26	0	0	0	0	0	0	0	0	0	3168	6	0	2754	6	0	0	1	0	0	0	0	0	0	0	0	0	0	1	0	0	0	6	2	1	0	1	76	0	0	71	2	0	2	3	0	0	0	0	2	0	778	45	0	0	1	0	0	1	0	1	0	0	0	0	0	0	2	1	0	0	0	0	6	0	0	0	0	0	0	0	0	0	0	0
