fileName	sampleID	read	Bacteroidia	Flavobacteriia	Sphingobacteriia	Cytophagia	Clostridia	Bacilli	Erysipelotrichia	Negativicutes	Verrucomicrobiae	Actinobacteria	Spirochaetia	Fusobacteriia	Epsilonproteobacteria	Gammaproteobacteria	Betaproteobacteria	Deltaproteobacteria	Alphaproteobacteria	Chloroplast	Acidobacteria_Gp5	Acidobacteria_Gp4	Synergistia	Mollicutes	Deinococci	Thermotogae	Planctomycetia	Lentisphaeria	Thermoprotei
100_R1.fasta	100	1	13232	1	0	0	28648	2309	2482	3	2804	39	1	3	1	0	0	0	0	0	0	0	0	0	0	0	0	0	0
100_R2.fasta	100	2	13091	0	0	0	28940	2298	3003	3	2807	39	1	3	1	1	0	0	0	0	0	0	0	0	0	0	0	0	0
101_R1.fasta	101	1	13914	1	0	0	29745	3512	2278	2	3332	57	1	2	0	1	0	0	0	0	0	0	0	0	0	0	0	0	0
101_R2.fasta	101	2	13794	1	0	0	29943	3521	2892	2	3346	56	1	2	0	1	0	0	0	0	0	0	0	0	0	0	0	0	0
102_R1.fasta	102	1	17167	0	0	0	23393	1356	5436	2	3172	57	0	0	0	0	1	0	0	0	0	0	0	0	0	0	0	0	0
102_R2.fasta	102	2	17004	0	0	0	23388	1364	6399	1	3183	56	0	1	0	0	1	0	0	0	0	0	0	0	0	0	0	0	0
103_R1.fasta	103	1	18659	0	0	0	21688	5851	2511	0	4545	66	0	2	0	1028	1	0	0	2	0	0	0	0	0	0	0	0	0
103_R2.fasta	103	2	18484	0	0	0	21687	5861	2888	0	4561	61	0	2	0	1018	1	0	0	2	0	0	0	0	0	0	0	0	0
104_R1.fasta	104	1	22210	0	0	0	18914	6821	2417	0	3701	22	0	0	0	804	0	0	0	0	0	0	0	0	0	0	0	0	0
104_R2.fasta	104	2	21930	0	0	0	18905	6804	2701	0	3728	20	0	0	0	802	0	0	0	0	0	0	0	0	0	0	0	0	1
105_R1.fasta	105	1	4898	0	0	0	16100	21782	971	0	2	0	0	0	0	2707	1	0	0	0	0	0	0	0	0	0	0	0	0
105_R2.fasta	105	2	4808	0	0	0	16160	21673	970	0	1	0	0	0	0	2700	1	0	0	0	0	0	0	0	0	0	0	0	1
106_R1.fasta	106	1	0	1	2	0	6	2	1	0	0	2	0	3	1	1	1	0	0	0	0	0	0	0	0	0	0	0	0
106_R2.fasta	106	2	0	1	2	0	0	2	0	0	0	1	0	3	1	1	1	0	0	0	0	0	0	0	0	0	0	0	0
107_R1.fasta	107	1	16635	0	0	0	9447	9715	2540	0	2286	69	0	0	1	196	0	220	0	0	0	0	0	0	0	0	0	0	0
107_R2.fasta	107	2	16461	0	0	0	9481	9697	2677	0	2280	69	0	0	1	197	0	217	0	0	0	0	0	0	0	0	0	0	0
108_R1.fasta	108	1	21268	0	0	0	16895	8077	2612	0	2631	131	0	0	0	575	0	183	0	0	0	0	0	0	0	0	0	0	0
108_R2.fasta	108	2	21049	0	0	0	16920	8081	3164	0	2621	130	0	0	0	575	0	181	0	0	0	0	0	0	0	0	0	0	0
109_R1.fasta	109	1	14413	0	0	0	15269	17824	3071	0	1572	125	0	0	0	1509	0	133	0	0	0	0	0	0	0	0	0	0	0
109_R2.fasta	109	2	14260	0	0	0	15256	17774	3294	0	1567	124	0	0	0	1497	0	135	0	0	0	0	0	0	0	0	0	0	1
10_R1.fasta	10	1	12797	6	0	0	25889	2025	2806	3	3688	20	0	13	1	0	1	0	0	0	0	0	0	0	0	0	0	0	0
10_R2.fasta	10	2	12574	6	0	0	26055	2024	2809	3	3696	20	0	13	1	0	1	0	0	0	0	0	0	0	0	0	0	0	0
110_R1.fasta	110	1	19186	0	0	0	11066	10250	88	1	5165	163	0	0	0	1	0	0	0	0	0	0	0	0	0	0	0	0	0
110_R2.fasta	110	2	18869	0	0	0	11069	10144	86	1	5169	157	0	0	0	1	0	0	0	0	0	0	0	0	0	0	0	0	1
111_R1.fasta	111	1	12830	0	0	0	15037	13852	22	0	7976	291	0	0	0	0	2	0	4	0	0	0	0	0	0	0	0	0	0
111_R2.fasta	111	2	12576	0	0	0	15058	13712	23	0	7975	273	0	0	0	0	1	0	4	0	1	0	0	0	0	0	0	0	2
112_R1.fasta	112	1	20984	1	0	0	9782	10637	48	1	7597	231	0	0	1	2	4	0	0	0	0	0	0	0	0	0	0	0	0
112_R2.fasta	112	2	20616	0	0	0	9786	10577	46	1	7606	222	0	0	1	1	4	0	0	0	0	0	0	0	0	0	0	0	0
113_R1.fasta	113	1	14299	0	0	0	21708	325	607	208	62	177	0	301	31	197	1530	14	32	0	0	0	53	43	0	0	0	0	0
113_R2.fasta	113	2	14064	0	0	0	21710	323	586	197	64	174	0	303	29	173	1480	12	31	0	0	0	52	44	0	0	0	0	1
114_R1.fasta	114	1	4	0	0	0	5	6	1	0	0	2	0	1	0	2	1	0	0	0	0	0	0	0	0	0	0	0	0
114_R2.fasta	114	2	2	0	0	0	5	6	1	0	0	1	0	1	0	2	1	0	0	0	0	0	0	0	0	0	0	0	0
115_R1.fasta	115	1	20362	0	0	0	11828	7728	2660	0	2120	20	0	0	0	401	0	0	0	0	0	0	0	0	0	0	0	0	0
115_R2.fasta	115	2	20011	0	0	0	11843	7646	2797	0	2124	20	0	0	0	396	0	0	0	0	0	0	0	0	0	0	0	0	0
116_R1.fasta	116	1	20634	2	0	0	8138	7261	1618	1	4190	34	0	1	0	4941	2	0	0	0	0	0	0	0	0	0	0	0	0
116_R2.fasta	116	2	20386	2	0	0	8148	7239	1967	1	4177	34	0	1	0	4887	2	0	0	0	0	0	0	0	0	0	0	0	0
117_R1.fasta	117	1	35948	4	0	0	17839	219	3607	1	1814	41	0	2	0	268	13	0	1	0	0	0	0	0	0	0	0	0	0
117_R2.fasta	117	2	35568	4	0	0	17854	217	3954	1	1820	39	0	2	0	263	5	0	1	0	1	0	0	0	0	0	0	0	1
118_R1.fasta	118	1	22949	0	0	0	13143	80	2024	0	1906	27	0	0	0	95	0	0	1	0	0	0	0	0	0	0	0	0	0
118_R2.fasta	118	2	22763	0	0	0	13151	80	2223	0	1893	27	0	0	0	95	0	0	0	0	0	0	0	0	0	0	0	0	0
119_R1.fasta	119	1	15678	1	1	0	32931	66	685	556	4	91	0	77	2	34	680	14	0	0	0	0	5	0	0	0	0	0	0
119_R2.fasta	119	2	15539	1	1	0	32924	68	607	540	4	89	0	79	2	33	675	14	0	0	0	0	5	0	0	0	0	0	0
11_R1.fasta	11	1	16956	0	0	0	11478	7191	1857	3	2059	15	0	7	1	412	1	0	0	0	0	0	0	0	0	0	0	0	0
11_R2.fasta	11	2	16801	0	0	0	11493	7173	2156	3	2039	14	0	6	1	402	1	0	0	0	0	0	0	0	0	0	0	0	0
120_R1.fasta	120	1	13290	0	0	0	15714	20462	2320	0	1793	33	0	0	0	867	3	0	1	0	0	0	0	0	0	0	0	0	0
120_R2.fasta	120	2	13125	0	0	0	15695	20294	2793	0	1804	32	0	0	0	858	3	0	1	0	1	0	0	0	0	0	0	0	0
121_R1.fasta	121	1	20260	0	0	0	17798	7394	1966	1	2399	13	0	0	0	303	0	0	0	0	0	0	0	0	0	0	0	0	0
121_R2.fasta	121	2	19982	0	0	0	17789	7319	2251	1	2403	13	0	0	0	301	0	0	0	0	0	0	0	0	0	0	0	0	0
122_R1.fasta	122	1	22017	0	0	0	20502	1311	2204	0	3414	43	0	0	0	263	0	0	0	0	0	0	0	0	0	0	0	0	0
122_R2.fasta	122	2	21781	0	0	0	20220	1313	2321	0	3423	43	0	0	0	261	0	0	0	0	0	0	0	0	0	0	0	0	1
123_R1.fasta	123	1	99	0	0	0	113	7	14	1	18	8	1	2	1	4	4	0	2	0	0	0	0	0	0	0	0	0	0
123_R2.fasta	123	2	97	0	0	0	109	6	17	1	18	7	1	2	1	4	4	0	2	0	0	0	0	0	0	0	0	0	0
124_R1.fasta	124	1	1	0	0	0	3	9	2	1	0	4	0	5	1	41240	0	0	0	1	0	0	0	0	0	0	0	0	0
124_R2.fasta	124	2	1	0	0	0	1	9	0	1	0	4	0	5	1	40962	0	0	0	1	0	0	0	0	0	0	0	0	0
125_R1.fasta	125	1	15	0	0	0	1	0	0	1	0	0	0	9	0	3	0	0	0	0	0	0	0	0	0	0	0	0	0
125_R2.fasta	125	2	16	1	0	0	0	0	0	1	0	0	0	8	0	2	0	0	0	0	0	0	0	0	0	0	0	0	0
126_R1.fasta	126	1	16612	3	0	0	27197	5104	2255	0	4113	22	0	0	0	42	192	0	2	2	0	0	0	0	0	0	0	0	0
126_R2.fasta	126	2	16527	3	0	0	27298	5066	2533	1	4116	23	0	0	0	39	187	0	2	2	0	0	0	0	0	0	0	0	0
127_R1.fasta	127	1	12787	0	0	0	4897	6247	1	0	2855	80	0	0	0	49	118	0	4	0	0	0	0	0	0	0	0	0	0
127_R2.fasta	127	2	12626	0	0	0	4915	6246	1	0	2864	79	0	0	0	48	114	0	4	0	0	0	0	0	0	0	0	0	0
128_R1.fasta	128	1	18414	7	1	0	9173	1133	1263	0	1155	43	0	0	0	192	199	0	8	0	0	0	0	0	0	0	0	0	0
128_R2.fasta	128	2	18232	7	2	0	9272	1138	1204	0	1155	43	0	0	0	189	198	0	8	0	0	0	0	0	0	0	0	0	0
129_R1.fasta	129	1	14626	3	1	0	10527	6838	847	3	544	68	0	2	1	475	300	0	5	1	0	0	0	0	0	0	0	0	0
129_R2.fasta	129	2	14454	3	1	0	10494	6819	1125	3	544	67	0	2	1	471	298	0	5	1	0	0	0	0	0	0	0	0	0
12_R1.fasta	12	1	9018	4	0	0	8653	3089	1156	1	1407	17	0	5	3	572	0	0	0	0	0	0	0	0	0	0	0	0	0
12_R2.fasta	12	2	8932	4	0	0	8655	3070	1199	1	1413	15	0	5	3	569	0	0	0	0	0	0	0	0	0	0	0	0	0
130_R1.fasta	130	1	6054	1	0	0	4050	5332	736	5	649	29	0	0	1	1567	93	54	7	0	0	0	0	0	0	0	0	0	0
130_R2.fasta	130	2	5979	1	0	0	4050	5301	835	3	646	28	0	0	1	1555	93	52	7	0	0	0	0	0	0	0	0	0	0
131_R1.fasta	131	1	11403	2	1	0	21564	152	2475	3	1097	11	0	5	1	85	485	0	8	0	0	0	0	0	0	0	0	0	0
131_R2.fasta	131	2	11286	2	1	0	21605	155	2701	3	1100	11	0	5	1	82	478	0	8	0	0	0	0	0	0	0	0	0	0
132_R1.fasta	132	1	17692	8	0	0	10430	3366	1054	0	1688	41	0	2	0	296	234	1	13	0	0	0	0	0	0	0	0	0	0
132_R2.fasta	132	2	17438	8	0	0	10401	3373	1102	1	1695	41	0	2	0	293	228	1	13	0	0	0	0	0	0	0	0	0	1
133_R1.fasta	133	1	12565	0	0	0	7095	5392	35	0	6136	177	0	0	0	60	252	0	0	0	0	0	0	0	0	0	0	0	0
133_R2.fasta	133	2	12370	0	0	0	7070	5337	34	0	6151	169	0	0	0	60	251	0	0	0	0	0	0	0	0	0	0	0	0
134_R1.fasta	134	1	9554	4	4	0	7855	13874	499	0	1682	19	0	0	0	511	385	0	9	0	0	0	0	0	0	0	0	0	0
134_R2.fasta	134	2	9406	4	4	0	7866	13784	659	0	1683	18	0	0	0	506	379	0	9	0	0	0	0	0	0	0	0	0	1
135_R1.fasta	135	1	10158	7	0	0	8545	17793	721	0	1896	23	0	3	0	536	389	0	20	0	0	0	0	0	0	0	0	0	0
135_R2.fasta	135	2	10035	7	0	0	8563	17690	939	0	1894	24	0	3	0	528	386	0	19	0	0	0	0	0	0	0	0	0	0
136_R1.fasta	136	1	17776	5	1	0	9730	1597	861	0	4255	46	0	3	1	672	815	0	35	0	0	0	0	0	0	0	0	0	0
136_R2.fasta	136	2	17558	5	1	0	9732	1600	914	0	4233	47	0	3	1	668	796	0	31	0	0	0	0	0	0	0	0	0	0
137_R1.fasta	137	1	25645	0	6	0	18539	4976	16	0	5183	555	0	8	0	639	2201	2	122	0	0	0	0	0	0	0	0	0	0
137_R2.fasta	137	2	25310	0	6	0	18594	4948	18	0	5188	533	0	8	0	628	2173	2	111	0	0	0	0	0	0	0	0	0	0
138_R1.fasta	138	1	13120	9	1	0	23989	6375	1373	2	3777	160	0	7	2	566	2743	0	102	15	0	0	0	0	0	0	0	0	0
138_R2.fasta	138	2	13033	9	1	0	24175	6352	1732	2	3781	159	0	7	2	549	2720	0	99	10	0	0	0	0	0	0	0	0	0
139_R1.fasta	139	1	16872	14	4	0	28396	5215	2436	0	1884	87	0	1	0	859	4872	1	60	0	0	0	0	0	0	0	0	0	0
139_R2.fasta	139	2	16748	14	4	0	29041	5201	3295	0	1882	87	0	1	0	845	4783	1	59	0	0	0	0	0	0	0	0	0	1
13_R1.fasta	13	1	13338	0	0	0	14036	25310	1749	1	1995	34	0	3	2	2061	2	0	0	0	0	0	0	0	0	0	0	0	0
13_R2.fasta	13	2	13209	0	0	0	14031	25175	2191	1	1994	34	0	3	2	2044	2	0	0	0	0	0	0	0	0	0	0	0	0
140_R1.fasta	140	1	13672	7	3	0	9995	92	1466	0	641	7	0	0	0	304	1072	0	45	3	0	0	0	0	0	0	0	0	0
140_R2.fasta	140	2	13524	8	1	0	9985	92	1426	0	640	7	0	0	0	303	1064	0	44	2	0	0	0	0	0	0	0	0	0
141_R1.fasta	141	1	17635	10	1	0	11437	269	1421	0	647	55	0	0	0	407	1101	9	11	0	0	0	0	0	0	0	0	0	0
141_R2.fasta	141	2	17471	9	1	0	11448	265	1444	0	649	54	0	0	0	402	1086	9	12	0	0	0	0	0	0	0	0	0	0
142_R1.fasta	142	1	19793	0	4	0	11370	1701	1811	0	856	38	0	0	0	576	2268	15	46	0	0	0	0	0	0	0	0	0	0
142_R2.fasta	142	2	19561	0	4	0	11385	1696	1840	0	854	38	0	0	0	561	2239	14	45	0	0	0	0	0	0	0	0	0	0
143_R1.fasta	143	1	30118	26	0	0	13243	366	2047	0	905	34	0	0	0	687	2942	0	29	0	0	0	0	0	0	0	0	0	0
143_R2.fasta	143	2	29771	26	0	0	13582	365	2076	0	908	35	0	0	0	681	2903	0	30	0	0	0	0	0	0	0	0	0	0
144_R1.fasta	144	1	8338	14	8	0	5208	8352	689	0	781	65	0	0	0	3584	3061	93	113	0	0	0	0	0	0	0	0	0	0
144_R2.fasta	144	2	8240	19	8	0	5202	8375	832	0	781	65	0	0	0	3535	3028	93	112	0	0	0	0	0	0	0	0	0	0
145_R1.fasta	145	1	13812	13	26	0	12422	2866	1752	0	1232	172	0	2	0	428	2111	0	28	0	0	0	0	0	0	0	0	0	0
145_R2.fasta	145	2	13582	14	26	0	12376	2859	1769	0	1233	170	0	2	0	421	2085	0	27	0	0	0	0	0	0	0	0	0	0
146_R1.fasta	146	1	11109	29	18	0	21694	3384	2117	0	1005	139	0	0	0	1271	6480	8	192	0	0	0	0	0	0	0	0	0	0
146_R2.fasta	146	2	10884	29	16	0	22537	3371	2736	0	1009	139	0	0	0	1251	6408	8	191	0	0	0	0	0	0	0	0	0	0
147_R1.fasta	147	1	16577	16	22	0	12917	737	1090	0	6790	112	0	0	0	445	2358	0	61	0	0	0	0	0	0	0	0	0	0
147_R2.fasta	147	2	16291	15	22	0	12945	740	1432	0	6776	110	0	0	0	439	2337	0	62	0	0	0	0	0	0	0	0	0	0
148_R1.fasta	148	1	16521	2	0	0	14661	10353	1681	0	4430	95	0	0	0	510	1114	264	22	0	0	0	0	0	0	0	0	0	0
148_R2.fasta	148	2	16222	2	0	0	14671	10364	1996	0	4413	93	0	0	0	501	1097	263	21	0	0	0	0	0	0	0	0	0	0
149_R1.fasta	149	1	18153	0	1	0	8564	3271	1015	0	1985	14	0	2	0	4485	398	0	11	0	0	0	0	0	14	0	0	0	0
149_R2.fasta	149	2	17921	0	0	0	8540	3248	1224	0	1982	13	0	2	0	4434	387	0	12	0	0	0	0	0	15	0	0	0	0
14_R1.fasta	14	1	14826	0	0	0	14805	9746	2117	0	1693	19	0	1	0	2100	2	0	0	0	0	0	0	0	0	0	0	0	1
14_R2.fasta	14	2	14687	0	0	0	14782	9709	2249	0	1690	17	0	1	0	2085	2	0	0	0	0	0	0	0	0	0	0	0	0
150_R1.fasta	150	1	10510	31	10	0	14136	698	2388	0	1846	7	0	0	0	218	1136	0	36	0	0	0	0	0	0	0	0	0	0
150_R2.fasta	150	2	10360	31	8	0	14135	689	2828	0	1849	7	0	0	0	211	1122	0	29	0	0	0	0	0	0	0	0	0	0
151_R1.fasta	151	1	14985	48	0	0	7456	6748	81	0	5337	177	0	2	1	943	3838	0	26	0	0	0	0	0	0	1	0	0	0
151_R2.fasta	151	2	14677	48	0	0	7465	6703	79	0	5346	173	0	2	1	925	3785	0	26	0	0	0	0	0	0	0	0	0	0
152_R1.fasta	152	1	19284	23	1	0	9599	11687	744	0	2388	25	0	0	0	1236	1320	0	26	0	0	0	0	0	0	0	0	0	0
152_R2.fasta	152	2	19040	22	0	0	9642	11628	1061	0	2380	24	0	0	0	1227	1294	0	26	0	0	0	0	0	0	0	0	0	0
153_R1.fasta	153	1	18735	38	6	7	14475	1558	827	0	2032	62	0	0	0	917	4040	0	91	0	0	0	0	0	0	0	0	0	0
153_R2.fasta	153	2	18556	36	6	5	14522	1545	932	0	2021	62	0	0	0	906	3996	0	92	0	0	0	0	0	0	0	0	0	1
154_R1.fasta	154	1	17118	6	6	0	11997	991	1118	0	810	51	0	3	0	1025	5394	0	74	0	0	0	0	0	0	0	0	0	0
154_R2.fasta	154	2	16873	6	5	0	12053	985	1339	0	809	51	0	4	0	1015	5333	0	74	0	0	0	0	0	0	0	0	0	0
155_R1.fasta	155	1	7445	5	0	0	2832	12227	8	0	1502	127	0	3	0	363	1540	0	39	0	0	0	0	0	0	0	0	0	0
155_R2.fasta	155	2	7310	5	0	0	2825	12105	8	0	1500	122	0	3	0	356	1522	0	40	0	0	0	0	0	0	0	0	0	0
156_R1.fasta	156	1	17661	63	0	0	8563	14744	0	0	5459	135	0	0	0	387	3143	0	106	0	0	0	0	0	0	0	0	0	0
156_R2.fasta	156	2	17334	62	0	0	8560	14627	0	0	5464	127	0	0	0	379	3109	0	106	0	0	0	0	0	0	0	0	0	0
157_R1.fasta	157	1	9659	0	14	0	4164	10958	2	0	863	117	0	0	0	414	1860	0	105	0	0	0	0	0	0	0	0	0	0
157_R2.fasta	157	2	9475	0	13	0	4148	10852	1	0	868	114	0	0	0	407	1839	0	104	0	0	0	0	0	0	0	0	0	0
158_R1.fasta	158	1	20598	4	2	0	10830	1193	1442	0	1827	13	0	0	0	570	994	0	6	0	0	0	0	0	0	0	0	0	0
158_R2.fasta	158	2	20407	5	3	0	10810	1200	1412	0	1831	12	0	0	0	560	983	0	6	0	0	0	0	0	0	0	0	0	0
159_R1.fasta	159	1	7569	0	30	0	13956	8224	827	0	722	43	0	0	0	645	2376	0	29	0	0	0	0	0	0	0	0	0	0
159_R2.fasta	159	2	7466	0	31	0	13995	8187	1227	0	720	43	0	0	0	627	2348	0	30	0	0	0	0	0	0	0	0	0	0
15_R1.fasta	15	1	17909	0	0	0	19797	11465	2080	0	2333	56	0	0	0	448	8	0	0	0	0	0	0	0	0	0	0	0	0
15_R2.fasta	15	2	17750	0	0	0	19752	11408	2261	0	2342	56	0	0	0	437	8	0	0	0	0	0	0	0	0	0	0	0	0
160_R1.fasta	160	1	12635	7	18	0	11726	1716	990	0	1745	12	0	0	0	582	341	0	0	0	0	0	0	0	0	0	0	0	0
160_R2.fasta	160	2	12493	7	18	0	11660	1718	1010	0	1744	12	0	0	0	570	335	0	0	0	0	0	0	0	0	0	0	0	0
161_R1.fasta	161	1	11587	36	14	0	7783	3125	849	1	1216	6	0	2	0	1170	2991	0	6	0	0	0	0	0	0	0	0	0	0
161_R2.fasta	161	2	11450	35	14	0	7803	3110	963	0	1214	6	0	1	0	1156	2945	0	6	0	0	0	0	0	0	0	0	0	0
162_R1.fasta	162	1	15800	192	19	0	5975	5107	336	10	598	81	0	2	1	2837	6599	0	130	0	0	0	0	0	0	0	0	0	0
162_R2.fasta	162	2	15623	188	18	0	5982	5075	717	10	597	79	0	2	0	2786	6528	0	126	0	0	0	0	0	0	0	0	0	0
163_R1.fasta	163	1	11812	2	34	0	11238	5459	1200	2	641	44	0	4	0	483	475	0	12	0	0	0	0	0	0	0	0	0	0
163_R2.fasta	163	2	11651	1	33	0	11198	5420	1313	2	642	44	0	4	0	477	465	0	13	0	0	0	0	0	0	0	0	0	0
164_R1.fasta	164	1	8988	0	1	0	6199	6541	751	0	856	70	0	0	0	1358	1266	54	83	0	0	0	0	0	0	0	0	0	0
164_R2.fasta	164	2	8825	0	0	0	6194	6489	956	0	857	74	0	0	0	1342	1247	52	84	0	0	0	0	0	0	0	0	0	0
165_R1.fasta	165	1	5542	0	0	0	3746	3145	325	0	620	3	0	0	0	493	1229	31	0	0	0	0	0	0	0	0	0	0	0
165_R2.fasta	165	2	5457	0	0	0	3768	3149	460	0	620	3	0	0	0	485	1204	31	0	0	0	0	0	0	0	0	0	0	0
166_R1.fasta	166	1	3710	83	9	0	9888	3005	534	0	834	6	0	0	0	713	2841	0	0	0	0	0	0	0	0	0	0	0	0
166_R2.fasta	166	2	3639	82	7	0	9916	2987	635	0	831	6	0	0	0	691	2793	0	0	0	0	0	0	0	0	0	0	0	0
167_R1.fasta	167	1	9916	0	2	23	4394	2640	643	0	1237	59	0	7	0	878	2024	61	37	0	0	14	0	0	0	0	0	0	0
167_R2.fasta	167	2	9777	0	0	25	4380	2622	669	0	1234	57	0	6	0	862	1994	63	37	0	0	14	0	0	0	0	0	0	0
168_R1.fasta	168	1	16227	2	0	0	10692	596	1748	0	1504	2	0	10	0	1404	1933	0	26	0	0	0	0	0	0	0	0	0	1
168_R2.fasta	168	2	16111	2	0	0	10696	599	1849	0	1509	2	0	10	0	1387	1909	0	26	0	0	0	0	0	0	0	0	0	0
169_R1.fasta	169	1	25334	2	1	0	15627	591	1884	1	1774	10	0	1	1	848	1769	0	53	0	0	0	0	0	0	0	0	0	0
169_R2.fasta	169	2	25135	2	0	0	15590	589	1855	1	1782	9	0	1	0	836	1750	0	53	0	0	0	0	0	0	0	0	0	0
16_R1.fasta	16	1	13906	0	0	0	8920	2876	1505	0	2529	42	0	0	0	150	1	0	0	0	0	0	0	0	0	0	0	0	0
16_R2.fasta	16	2	13734	0	0	0	8989	2858	1366	0	2527	43	0	0	0	147	1	0	0	0	0	0	0	0	0	0	0	0	0
170_R1.fasta	170	1	17184	0	41	0	10108	2806	1040	0	1527	5	0	1	0	1091	1734	1	0	0	0	0	0	0	0	0	0	0	0
170_R2.fasta	170	2	16944	0	37	0	10055	2814	1060	0	1525	3	0	1	0	1077	1709	0	2	0	0	0	0	0	0	0	0	0	0
171_R1.fasta	171	1	1737	7	0	0	1668	2943	274	0	73	44	0	0	0	636	1282	0	22	0	0	0	0	0	0	0	0	0	0
171_R2.fasta	171	2	1696	7	0	0	1646	2934	268	0	74	41	0	0	0	615	1263	0	22	0	0	0	0	0	0	0	0	0	0
172_R1.fasta	172	1	11745	0	0	0	11161	2312	1024	0	639	28	0	0	0	249	1067	2	19	0	0	0	0	0	0	0	0	0	0
172_R2.fasta	172	2	11574	0	0	0	11040	2307	1108	0	638	26	0	0	0	238	1054	2	19	0	0	0	0	0	0	0	0	0	0
173_R1.fasta	173	1	12829	58	30	0	9537	1027	666	0	1132	50	0	0	0	1404	5133	0	50	0	0	0	0	0	0	0	0	0	0
173_R2.fasta	173	2	12647	57	28	0	9422	1028	676	0	1130	50	0	0	0	1376	5087	0	43	0	0	0	0	0	0	0	0	0	1
174_R1.fasta	174	1	2184	15	20	0	6370	1700	644	0	360	26	0	0	0	467	3019	0	70	0	0	0	0	0	0	0	0	0	0
174_R2.fasta	174	2	2173	15	14	0	6361	1702	653	0	359	26	0	0	0	455	3001	0	70	0	0	0	0	0	0	0	0	0	0
175_R1.fasta	175	1	13737	0	0	0	12031	6832	1901	0	1451	27	0	0	0	747	430	0	0	0	0	0	0	0	0	0	0	0	0
175_R2.fasta	175	2	13602	0	0	0	12016	6839	1774	0	1449	27	0	0	0	738	425	0	0	0	0	0	0	0	0	0	0	0	0
176_R1.fasta	176	1	8757	0	0	0	6306	4007	393	0	2546	0	0	0	0	543	393	0	0	48	0	0	0	0	0	0	0	0	0
176_R2.fasta	176	2	8671	0	0	0	6284	4011	421	0	2546	0	0	0	0	537	388	0	0	43	1	0	0	0	0	0	0	0	0
177_R1.fasta	177	1	6198	0	0	0	15557	3185	829	0	1393	68	0	0	0	379	1317	1	40	0	0	0	0	0	0	0	0	0	0
177_R2.fasta	177	2	6138	0	0	0	15637	3167	866	0	1395	68	0	0	0	367	1310	0	41	0	0	0	0	0	0	0	0	0	1
178_R1.fasta	178	1	9785	12	0	0	6439	15204	605	4	455	49	0	3	0	1668	844	0	0	0	0	0	0	0	0	0	0	0	0
178_R2.fasta	178	2	9665	12	0	0	6417	15097	716	3	455	48	0	3	0	1657	826	0	0	0	0	0	0	0	0	0	0	0	1
179_R1.fasta	179	1	3816	0	0	0	2971	1230	77	124	3	16	0	1	0	88	546	247	0	0	0	0	0	0	0	0	3	0	0
179_R2.fasta	179	2	3757	0	0	0	2887	1218	31	122	2	14	0	1	0	60	538	246	0	0	0	0	0	0	0	0	3	0	1
17_R1.fasta	17	1	12	0	0	0	8	3	2	2	2	3	1	9	0	1	0	0	0	0	0	0	0	0	0	0	0	0	0
17_R2.fasta	17	2	13	0	0	0	8	3	2	2	2	3	1	9	0	1	0	0	0	0	0	0	0	0	0	0	0	0	0
180_R1.fasta	180	1	16786	10	4	0	28566	375	2650	6	2764	11	0	8	2	189	888	2	10	0	0	0	0	0	0	0	0	0	0
180_R2.fasta	180	2	16442	10	4	0	28581	373	3168	6	2754	10	0	8	1	182	834	2	10	0	0	0	0	0	0	0	0	0	0
181_R1.fasta	181	1	1	0	0	0	1	6	0	0	0	1	0	0	0	2	2	0	0	0	0	0	0	0	0	0	0	0	0
181_R2.fasta	181	2	1	0	0	0	1	7	0	0	0	1	0	0	0	1	2	0	0	0	0	0	0	0	0	0	0	0	0
182_R1.fasta	182	1	4	0	0	0	1	1	0	0	0	0	0	0	0	3	0	0	0	0	0	0	0	0	0	0	0	0	0
182_R2.fasta	182	2	3	0	0	0	1	1	0	0	0	0	0	0	0	2	0	0	0	0	0	0	0	0	0	0	0	0	0
183_R1.fasta	183	1	11137	0	0	0	9413	8942	1168	0	2686	9	0	0	0	410	27	0	2	0	0	0	0	0	0	0	0	0	0
183_R2.fasta	183	2	10958	0	0	0	9447	8951	1407	0	2646	8	0	0	0	406	22	0	1	0	0	0	0	0	0	0	0	0	1
184_R1.fasta	184	1	12318	0	0	0	7743	33379	1440	0	3870	27	0	0	0	2037	133	119	2	0	0	0	0	0	0	0	0	0	0
184_R2.fasta	184	2	12052	0	0	0	7697	33652	1547	0	3774	24	0	0	0	1988	124	118	2	0	0	0	0	0	0	0	0	0	1
185_R1.fasta	185	1	6894	0	0	0	8448	24965	415	0	655	16	0	0	0	418	73	0	1	0	0	0	0	0	0	0	0	0	0
185_R2.fasta	185	2	6754	0	0	0	8460	24961	530	0	652	16	0	0	0	420	70	0	1	0	0	0	0	0	0	0	0	0	0
186_R1.fasta	186	1	26849	1	0	0	15964	3065	2435	0	10100	114	0	4	0	286	131	0	3	0	0	0	0	0	0	0	0	0	1
186_R2.fasta	186	2	26437	1	0	0	15996	3047	2608	0	10166	115	0	3	0	290	126	0	4	0	1	0	0	0	0	0	0	0	0
187_R1.fasta	187	1	23027	0	0	0	44245	3262	6331	1	5489	12	0	4	0	7	33	0	0	0	0	0	0	0	0	0	0	0	0
187_R2.fasta	187	2	22578	0	0	0	44358	3186	6689	1	5483	12	0	4	0	8	32	0	0	0	0	0	0	0	0	0	0	0	1
188_R1.fasta	188	1	22992	7	2	1	35292	12159	2311	2	10574	197	0	2	1	200	1095	0	18	0	0	0	0	0	0	0	0	0	0
188_R2.fasta	188	2	22639	6	3	1	35471	12043	2870	2	10626	196	0	2	1	188	1046	0	17	0	0	0	0	0	0	0	0	0	0
189_R1.fasta	189	1	30766	1	3	0	12997	17857	25	3	23190	235	0	6	3	12	82	0	2	0	0	0	0	0	0	0	0	0	0
189_R2.fasta	189	2	30073	1	2	0	13059	17592	24	3	23186	216	0	6	1	11	79	0	1	0	0	0	0	0	0	0	0	0	2
18_R1.fasta	18	1	5357	0	3	0	9717	279	374	123	121	33	0	77	9	59	151	19	12	2	0	0	1	0	0	0	0	0	0
18_R2.fasta	18	2	5261	0	2	0	9691	261	336	124	120	29	0	63	9	45	127	18	10	1	0	0	1	0	0	0	0	0	0
190_R1.fasta	190	1	17586	3	1	0	21665	7171	2002	1	59	327	0	0	0	615	373	0	7	0	0	0	0	0	0	0	0	0	0
190_R2.fasta	190	2	17243	3	1	0	21390	7000	2887	1	54	334	0	0	0	599	354	0	7	0	0	0	0	0	0	0	0	0	0
191_R1.fasta	191	1	7613	2	3	0	4717	26105	3112	0	2200	48	0	0	0	355	56	39	1	0	0	0	0	0	0	0	0	0	0
191_R2.fasta	191	2	7473	2	3	0	4762	26277	3501	0	2169	49	0	0	0	355	49	39	1	0	0	0	0	0	0	0	0	0	0
192_R1.fasta	192	1	3999	8	1	0	6818	18522	1575	0	799	91	0	3	1	79	273	3	7	0	0	0	0	0	0	0	0	0	0
192_R2.fasta	192	2	3929	8	1	0	6842	18587	2126	0	792	89	0	3	1	79	266	3	6	0	0	0	0	0	0	0	0	0	0
193_R1.fasta	193	1	14348	6	4	0	37770	1612	6275	2	662	681	0	9	0	625	832	0	27	0	0	0	0	0	0	0	0	0	0
193_R2.fasta	193	2	14134	7	4	0	37789	1625	9333	2	669	671	0	9	0	604	815	0	24	0	0	0	0	0	0	0	0	0	0
194_R1.fasta	194	1	8566	2	0	0	49279	9599	32195	4	496	135	1	5	1	19	102	1	4	0	0	0	0	1	0	0	0	0	1
194_R2.fasta	194	2	8417	2	0	0	49572	9452	33148	3	488	140	1	5	1	20	100	0	4	0	0	0	0	1	0	0	0	0	0
195_R1.fasta	195	1	17028	3	0	0	16511	26009	1445	1	781	62	0	4	1	312	16	0	0	0	0	0	0	0	0	0	0	0	0
195_R2.fasta	195	2	16714	3	0	0	16944	25882	2269	1	789	61	0	5	1	313	17	0	0	0	0	0	0	0	0	0	0	0	0
196_R1.fasta	196	1	21949	5	2	0	8829	25862	22	1	1158	1507	0	0	0	120	575	0	26	0	0	0	0	0	0	0	0	0	1
196_R2.fasta	196	2	21706	4	2	0	8945	25417	23	1	1130	1403	0	0	0	111	517	0	23	0	0	0	0	0	0	0	0	0	1
197_R1.fasta	197	1	27739	16	3	0	3469	29310	993	0	13215	179	0	0	0	2997	1389	55	25	0	0	0	0	0	0	0	0	0	1
197_R2.fasta	197	2	27255	14	3	0	3451	29420	1022	0	13209	176	0	0	0	2936	1357	50	24	0	0	0	0	0	0	0	0	0	0
198_R1.fasta	198	1	16975	0	1	0	9391	1685	1496	0	9928	145	0	0	0	986	489	0	14	0	0	0	0	0	0	0	0	0	0
198_R2.fasta	198	2	16754	0	1	0	9393	1690	1503	0	9929	146	0	0	0	966	477	0	15	0	0	0	0	0	0	0	0	0	0
199_R1.fasta	199	1	47463	4	1	0	7582	310	2090	4	10544	66	0	0	0	191	573	0	20	0	0	0	0	0	0	0	0	0	0
199_R2.fasta	199	2	47058	4	1	0	7797	311	2048	3	10582	63	0	0	0	183	554	0	20	0	0	0	0	0	1	0	0	0	3
19_R1.fasta	19	1	21487	0	0	0	10375	3976	1380	0	4318	29	0	0	0	126	0	167	0	0	0	0	0	0	0	0	0	0	0
19_R2.fasta	19	2	21296	0	0	0	10423	4005	1431	0	4310	31	0	0	0	125	0	165	0	0	0	0	0	0	0	0	0	0	1
1_R1.fasta	1	1	28120	0	0	0	14904	11897	4073	0	3140	134	0	0	0	659	0	358	0	0	0	0	0	0	0	0	0	0	0
1_R2.fasta	1	2	27866	0	0	0	14971	11880	4333	0	3130	127	0	0	0	650	0	351	0	0	0	0	0	0	0	0	0	0	0
200_R1.fasta	200	1	9272	2	7	0	2831	59296	83	0	4159	28	0	0	0	1266	853	0	16	0	0	0	0	0	0	0	0	0	0
200_R2.fasta	200	2	9137	3	7	0	2774	59389	92	0	4102	25	0	0	0	1244	820	0	11	0	0	0	0	0	0	0	0	0	0
201_R1.fasta	201	1	24691	13	3	0	24580	642	434	0	20887	63	0	0	0	244	1198	0	29	0	0	0	0	0	0	0	1	0	0
201_R2.fasta	201	2	24404	13	4	0	24853	648	428	0	20889	59	0	0	0	229	1158	0	21	0	0	0	0	0	0	0	1	0	0
202_R1.fasta	202	1	40353	0	8	0	38723	932	897	2	9600	23	0	0	0	110	476	0	16	0	0	0	0	0	0	0	0	0	1
202_R2.fasta	202	2	39677	0	8	0	38888	922	892	2	9649	23	0	0	0	106	466	0	16	0	0	0	0	0	0	0	0	0	0
203_R1.fasta	203	1	29344	5	5	0	2458	3430	3	1	33677	58	0	0	0	158	883	3	19	0	0	0	0	0	0	0	0	0	0
203_R2.fasta	203	2	29038	5	5	0	2456	3382	3	1	33742	59	0	0	0	154	865	3	19	0	0	0	0	0	0	0	0	0	0
204_R1.fasta	204	1	21	0	0	0	3	1	0	0	4	1	0	4	0	80693	0	0	0	0	0	0	0	0	0	0	0	0	0
204_R2.fasta	204	2	27	0	0	0	4	1	0	0	3	0	0	4	0	80274	0	0	0	0	0	0	0	0	0	0	0	0	0
205_R1.fasta	205	1	8	0	0	0	9	13	0	1	3	2	0	1	2	16	1	0	0	0	0	0	0	0	0	0	0	0	0
205_R2.fasta	205	2	7	0	0	0	4	16	0	1	0	1	0	1	1	1	1	0	0	0	0	0	0	0	0	0	0	0	0
20_R1.fasta	20	1	14908	0	0	0	11070	3599	1452	0	2325	32	0	0	0	108	0	131	0	0	0	0	0	0	0	0	0	0	0
20_R2.fasta	20	2	14772	0	0	0	11073	3583	1532	0	2319	33	0	0	0	110	0	132	0	0	0	0	0	0	0	0	0	0	0
21_R1.fasta	21	1	11978	0	0	0	8195	1991	15	2	2926	179	0	6	0	3	5	0	0	0	0	0	0	0	0	0	0	0	0
21_R2.fasta	21	2	11802	0	0	0	8206	1969	15	2	2919	173	0	6	0	3	5	0	0	0	0	0	0	0	0	0	0	0	0
22_R1.fasta	22	1	9850	0	0	0	10544	8482	967	0	805	19	0	0	0	290	0	0	2	0	0	0	0	0	0	0	0	0	0
22_R2.fasta	22	2	9704	0	0	0	10525	8428	1194	0	801	19	0	0	0	287	0	0	3	0	0	0	0	0	0	0	0	0	0
23_R1.fasta	23	1	14722	0	0	0	6395	6646	923	4	1117	65	0	9	1	374	3	0	0	0	0	0	0	0	0	0	0	0	0
23_R2.fasta	23	2	14562	0	0	0	6758	6574	1266	4	1111	65	0	9	1	371	2	0	0	0	0	0	0	0	0	0	0	0	1
24_R1.fasta	24	1	13008	0	0	0	8082	1000	896	1	1977	57	0	0	0	87	0	0	0	0	0	0	0	0	0	0	0	0	0
24_R2.fasta	24	2	12809	0	0	0	8116	985	972	1	1972	53	0	0	0	84	1	0	0	0	0	0	0	0	0	0	0	0	0
25_R1.fasta	25	1	10841	0	0	0	7714	480	678	0	1055	37	0	0	0	95	2	0	0	0	0	0	0	0	0	0	0	0	0
25_R2.fasta	25	2	10704	0	0	0	7731	477	766	0	1055	37	0	0	0	93	2	0	0	0	0	0	0	0	0	0	0	0	0
26_R1.fasta	26	1	9544	0	0	0	9172	91	2360	0	1616	0	0	0	0	0	0	0	0	0	0	0	0	0	0	0	0	0	0
26_R2.fasta	26	2	9414	0	0	0	9161	96	2218	0	1611	0	0	0	0	0	0	0	0	0	0	0	0	0	0	0	0	0	0
27_R1.fasta	27	1	8796	0	0	0	12325	4867	1199	502	170	50	0	5503	339	407	153	20	6	0	0	0	5	1	0	0	1	0	0
27_R2.fasta	27	2	8752	0	0	0	12366	4900	1179	487	169	49	0	5569	328	401	150	20	6	0	0	0	5	1	0	0	2	0	0
28_R1.fasta	28	1	975	0	0	0	623	11187	273	1	59	3	0	0	0	239	0	0	0	0	0	0	0	0	0	0	0	0	0
28_R2.fasta	28	2	959	0	0	0	623	11143	292	0	60	3	0	0	0	238	0	0	0	0	0	0	0	0	0	0	0	0	0
29_R1.fasta	29	1	13500	7	0	0	10513	1899	1698	47	621	39	8	137	9	450	6	0	0	0	0	0	0	9	0	0	0	0	0
29_R2.fasta	29	2	13362	8	0	0	10507	1867	1914	47	614	39	8	135	7	452	6	0	0	0	0	0	0	9	0	0	0	0	0
2_R1.fasta	2	1	14386	0	0	0	20645	13490	2004	0	2	1	0	0	0	843	0	0	0	0	0	0	0	0	0	0	0	0	0
2_R2.fasta	2	2	14225	0	0	0	20981	13427	1901	0	1	1	0	0	0	842	0	0	0	0	0	0	0	0	0	0	0	0	0
30_R1.fasta	30	1	14827	1	0	0	8716	66	1317	0	747	21	0	0	0	57	7	0	0	0	0	0	0	0	0	0	0	0	0
30_R2.fasta	30	2	14674	1	0	0	8706	66	1360	0	752	21	0	0	0	58	6	0	0	0	0	0	0	0	0	0	0	0	0
31_R1.fasta	31	1	15067	0	0	0	10879	567	1934	0	2037	26	0	2	0	765	1	0	0	0	0	0	0	0	0	0	0	0	0
31_R2.fasta	31	2	14941	0	0	0	10885	571	2100	0	2038	24	0	0	0	757	1	0	0	0	0	0	0	0	0	0	0	0	1
32_R1.fasta	32	1	10129	0	0	0	6502	31	1407	1	1084	10	0	1	0	92	5	0	0	0	0	0	0	0	0	0	0	0	0
32_R2.fasta	32	2	10007	0	0	0	6606	27	1440	1	1091	9	0	1	0	88	5	0	0	0	0	0	0	0	0	0	0	0	0
33_R1.fasta	33	1	5513	0	0	0	7811	7784	637	0	651	52	0	0	0	473	0	0	0	0	0	0	0	0	0	0	0	0	0
33_R2.fasta	33	2	5447	0	0	0	7715	7740	722	0	655	50	0	0	0	469	0	0	0	0	0	0	0	0	0	0	0	0	0
34_R1.fasta	34	1	56	2	0	0	36	12	3	0	3	7	0	2	3	2	1	0	0	0	0	0	0	0	0	0	0	0	0
34_R2.fasta	34	2	57	2	0	0	36	12	6	0	3	8	0	0	3	2	1	0	0	0	0	0	0	0	0	0	0	0	0
35_R1.fasta	35	1	10459	0	0	0	7153	7541	881	0	1049	35	0	0	0	668	1	105	0	0	0	0	0	0	0	0	0	0	1
35_R2.fasta	35	2	10371	0	0	0	7157	7535	1052	0	1049	36	0	0	0	663	1	104	0	0	0	0	0	0	0	0	0	0	0
36_R1.fasta	36	1	13736	0	0	0	11036	2807	1093	0	1699	31	0	0	0	64	0	135	0	0	0	0	0	0	0	0	0	0	0
36_R2.fasta	36	2	13605	0	0	0	11044	2797	1474	0	1696	31	0	0	0	63	0	135	0	0	0	0	0	0	0	0	0	0	0
37_R1.fasta	37	1	10112	0	0	0	8764	8129	12	0	4466	122	0	0	0	1	0	0	0	0	0	0	0	0	0	0	0	0	0
37_R2.fasta	37	2	9995	0	0	0	8799	8102	11	0	4458	116	0	0	0	1	0	0	0	0	0	0	0	0	0	0	0	0	0
38_R1.fasta	38	1	16160	0	0	0	14756	2519	75	0	5066	211	0	1	0	1	2	0	0	0	0	0	0	0	0	0	0	0	0
38_R2.fasta	38	2	15937	0	0	0	14801	2500	73	0	5065	203	0	1	0	1	2	0	0	0	0	0	0	0	0	0	0	0	2
39_R1.fasta	39	1	6424	0	0	0	12503	1204	1702	751	7	126	0	4553	203	20	30	6	0	0	0	0	0	0	0	0	0	1	0
39_R2.fasta	39	2	6374	0	0	0	12511	1198	1682	718	6	120	0	4556	189	20	29	6	0	0	0	0	0	0	0	0	0	1	0
3_R1.fasta	3	1	5480	0	0	0	5198	14310	657	0	912	20	0	0	0	1517	0	78	0	0	0	0	0	0	0	0	0	0	0
3_R2.fasta	3	2	5424	0	0	0	5186	14343	775	0	911	19	0	0	0	1493	0	80	0	0	0	0	0	0	0	0	0	0	0
40_R1.fasta	40	1	15625	0	0	0	19037	2626	2411	0	2358	26	0	3	0	459	0	0	0	0	0	0	0	0	0	0	0	0	0
40_R2.fasta	40	2	15382	0	0	0	19035	2591	2910	0	2350	24	0	4	0	458	0	0	0	0	0	0	0	0	0	0	0	0	0
41_R1.fasta	41	1	5945	0	0	0	15588	2431	965	2	993	16	0	14	1	109	0	0	1	0	0	0	0	0	0	0	0	0	0
41_R2.fasta	41	2	5868	0	0	0	15618	2392	1228	2	993	14	0	14	1	107	0	0	1	0	0	0	0	0	0	0	0	0	0
42_R1.fasta	42	1	6839	1	0	0	17339	5218	1340	2	707	16	1	3	1	0	0	0	0	0	0	0	0	0	0	0	0	0	0
42_R2.fasta	42	2	6771	1	0	0	17474	5164	1756	2	704	16	1	3	1	0	0	0	0	0	0	0	0	0	0	0	0	0	0
43_R1.fasta	43	1	10798	0	0	0	26116	5774	2083	0	2184	30	0	0	0	1	0	0	0	0	0	0	0	0	0	0	0	0	0
43_R2.fasta	43	2	10667	0	0	0	26245	5719	2530	0	2180	28	0	0	0	1	0	0	0	0	0	0	0	0	0	0	0	0	0
44_R1.fasta	44	1	17118	0	0	0	11956	8764	1681	2	2359	30	0	4	1	383	1	0	0	0	0	0	0	0	0	0	0	0	0
44_R2.fasta	44	2	16945	0	0	0	11960	8741	2004	1	2343	30	0	4	1	381	1	0	0	0	0	0	0	0	0	0	0	0	1
45_R1.fasta	45	1	5369	0	0	0	9960	29105	620	0	712	31	0	4	1	1372	3	0	0	0	0	0	0	0	0	0	0	0	0
45_R2.fasta	45	2	5298	0	0	0	10011	29017	907	0	715	30	0	4	1	1366	3	0	0	0	0	0	0	0	0	0	0	0	2
46_R1.fasta	46	1	4288	5	0	0	4752	39922	1208	0	527	38	0	11	1	3048	3	0	0	0	0	0	0	0	0	0	0	0	0
46_R2.fasta	46	2	4230	5	0	0	4763	39803	1287	0	523	39	0	11	1	3020	3	0	0	0	0	0	0	0	0	0	0	0	0
47_R1.fasta	47	1	28750	0	0	0	15962	278	3002	0	2041	30	0	0	0	197	1	0	0	0	0	0	0	0	0	0	0	0	0
47_R2.fasta	47	2	28482	0	0	0	15975	280	3063	0	2044	29	0	0	0	192	1	0	0	0	0	0	0	0	0	0	0	0	0
48_R1.fasta	48	1	37325	0	0	0	16478	595	3036	0	1989	24	0	2	0	454	1	0	2	0	0	0	0	0	0	0	0	0	0
48_R2.fasta	48	2	36932	0	0	0	16465	595	3103	0	1994	24	0	2	0	449	1	0	2	0	0	0	0	0	0	0	0	0	0
49_R1.fasta	49	1	26685	0	0	0	15964	812	2572	0	2631	24	0	0	0	167	5	0	0	0	0	0	0	0	0	0	0	0	0
49_R2.fasta	49	2	26488	0	0	0	15984	808	2795	0	2629	24	0	0	0	164	5	0	0	0	0	0	0	0	0	0	0	0	0
4_R1.fasta	4	1	12539	0	0	0	11925	11019	48	0	6344	120	0	4	1	7	1	0	0	0	0	0	0	0	0	0	0	0	0
4_R2.fasta	4	2	12280	0	0	0	11908	10916	50	0	6362	114	0	4	0	7	1	0	0	0	0	0	0	0	0	0	0	0	0
50_R1.fasta	50	1	16396	0	0	0	7429	714	2236	0	852	16	0	0	0	241	0	0	0	0	0	0	0	0	0	0	0	0	0
50_R2.fasta	50	2	16218	0	0	0	7509	711	2250	0	848	17	0	0	0	243	0	0	0	0	0	0	0	0	0	0	0	0	0
51_R1.fasta	51	1	1	1	0	0	4	1	0	6	0	5	0	2	0	1	1	0	0	0	0	0	0	0	0	0	0	0	0
51_R2.fasta	51	2	1	1	0	0	2	1	0	6	0	5	0	2	0	1	1	0	0	0	0	0	0	0	0	0	0	0	0
52_R1.fasta	52	1	337	0	0	0	4486	10057	127	0	13	0	0	0	0	659	0	0	0	0	0	0	0	0	0	0	0	0	0
52_R2.fasta	52	2	335	0	0	0	4506	10048	123	0	13	0	0	0	0	648	0	0	0	0	0	0	0	0	0	0	0	0	0
53_R1.fasta	53	1	28694	0	0	0	23132	13578	136	0	19339	555	0	0	0	0	0	0	0	0	0	0	0	0	0	0	0	0	0
53_R2.fasta	53	2	28274	0	0	0	23195	13489	127	0	19458	511	0	0	0	0	0	0	0	0	0	0	0	0	0	0	0	0	3
54_R1.fasta	54	1	15396	0	0	0	10624	12859	1668	0	634	5	0	0	0	1173	0	0	0	0	0	0	0	0	0	0	0	0	0
54_R2.fasta	54	2	15213	0	0	0	10649	12887	1970	0	629	5	0	0	0	1155	0	0	0	0	0	0	0	0	0	0	0	0	0
55_R1.fasta	55	1	21523	0	0	0	23608	28501	2268	0	5488	80	0	5	0	1124	3	0	1	0	0	0	0	0	0	0	0	0	0
55_R2.fasta	55	2	21236	0	0	0	23596	28385	2813	1	5465	81	0	5	0	1105	3	0	1	0	0	0	0	0	0	0	0	0	0
56_R1.fasta	56	1	24735	0	0	0	19260	174	1626	0	2829	100	0	1	0	111	2	0	4	0	0	0	0	0	0	0	0	0	0
56_R2.fasta	56	2	24455	0	0	0	19273	178	2211	0	2829	102	0	0	0	108	2	0	4	0	0	0	0	0	0	0	0	0	0
57_R1.fasta	57	1	27160	0	0	0	23911	861	1954	0	2031	186	0	0	0	212	2	0	0	0	0	0	0	0	0	0	0	0	0
57_R2.fasta	57	2	26819	0	0	0	23939	851	2490	0	2045	183	0	0	0	209	2	0	0	0	0	0	0	0	0	0	0	0	1
58_R1.fasta	58	1	13214	0	0	0	29798	2779	3438	1	3395	21	0	0	0	0	1	0	0	0	0	0	0	0	0	0	0	0	0
58_R2.fasta	58	2	12948	0	0	0	30203	2781	3486	0	3400	21	0	0	0	0	0	0	0	0	0	0	0	0	0	0	0	0	0
59_R1.fasta	59	1	9592	0	0	0	22288	2406	2406	0	2099	18	0	3	0	2	0	0	0	0	0	0	0	0	0	0	0	0	0
59_R2.fasta	59	2	9427	0	0	0	22691	2370	2375	0	2101	18	0	3	0	1	0	0	0	0	0	0	0	0	0	0	0	0	1
5_R1.fasta	5	1	13771	1	0	0	7999	4032	54	0	6527	153	0	0	1	5	2	0	0	0	0	0	0	0	0	0	0	0	0
5_R2.fasta	5	2	13594	0	0	0	8011	4004	53	0	6527	147	0	1	1	5	2	0	0	0	0	0	0	0	0	0	0	0	0
60_R1.fasta	60	1	2676	0	0	0	26685	2207	4791	0	5799	0	0	0	0	2	0	0	1	0	0	0	0	0	0	0	0	0	0
60_R2.fasta	60	2	2648	0	0	0	26685	2245	4992	0	5833	0	0	0	0	1	0	0	1	0	0	0	0	0	0	0	0	0	0
61_R1.fasta	61	1	23576	1	0	0	17532	10949	2563	7	4195	42	0	5	1	547	0	0	0	0	0	0	0	0	0	0	0	0	0
61_R2.fasta	61	2	23326	1	0	0	17532	10937	2978	7	4186	43	0	5	1	541	0	0	0	0	0	0	0	0	0	0	0	0	0
62_R1.fasta	62	1	20343	1	0	0	10860	5769	1763	1	2873	38	0	2	0	357	2	0	0	0	0	0	0	0	0	0	0	0	0
62_R2.fasta	62	2	20161	1	0	0	10858	5758	1998	1	2874	34	0	3	0	355	2	0	0	0	0	0	0	0	0	0	0	0	0
63_R1.fasta	63	1	19523	1	0	0	16674	24287	2378	1	3376	42	0	5	0	837	12	0	0	0	0	0	0	0	0	0	0	0	0
63_R2.fasta	63	2	19350	1	0	0	16704	24194	2702	1	3363	41	0	5	0	833	12	0	0	0	0	0	0	0	0	0	0	0	0
64_R1.fasta	64	1	19967	1	0	0	18342	8129	1902	0	3634	34	0	7	0	1044	7	0	0	0	0	0	0	0	0	0	0	0	0
64_R2.fasta	64	2	19757	1	0	0	18335	8156	2281	0	3637	35	0	7	0	1029	6	0	0	0	0	0	0	0	0	0	0	0	0
65_R1.fasta	65	1	25573	1	0	0	20671	5459	2291	0	4463	38	1	3	2	479	3	0	0	0	0	0	0	0	0	0	0	0	0
65_R2.fasta	65	2	25284	1	0	0	20643	5463	2498	0	4496	39	1	4	2	470	3	0	0	0	0	0	0	0	0	0	0	0	0
66_R1.fasta	66	1	36097	0	0	0	32607	1587	3220	0	5465	162	0	0	0	333	0	0	0	0	0	0	0	0	0	0	0	0	0
66_R2.fasta	66	2	35652	0	0	0	32200	1580	3507	0	5484	164	0	0	0	326	0	0	0	0	0	0	0	0	0	0	0	0	0
67_R1.fasta	67	1	31019	0	0	0	32077	6667	2380	0	1504	251	0	0	0	212	1	0	0	0	0	0	0	0	0	0	0	0	1
67_R2.fasta	67	2	30622	0	0	0	31751	6632	2740	0	1512	253	0	0	0	204	1	0	0	0	0	0	0	0	0	0	0	0	1
68_R1.fasta	68	1	1	2	0	0	0	1	0	3	0	2	1	7	0	3	0	0	0	0	0	0	0	0	0	0	0	0	0
68_R2.fasta	68	2	1	2	0	0	0	1	0	3	0	2	1	7	0	3	0	0	0	0	0	0	0	0	0	0	0	0	0
69_R1.fasta	69	1	3	2	0	0	4	13	0	0	0	4	0	2	0	62741	0	0	0	0	0	0	0	0	0	0	0	0	0
69_R2.fasta	69	2	2	2	0	0	2	12	0	0	0	4	0	1	0	62359	0	0	0	0	0	0	0	0	0	0	0	0	0
6_R1.fasta	6	1	15991	0	0	0	15605	9061	1791	3	1565	27	0	1	0	587	4	0	0	0	0	0	0	0	0	0	0	0	0
6_R2.fasta	6	2	15762	0	0	0	15613	8964	2194	3	1562	27	0	1	0	582	4	0	0	0	0	0	0	0	0	0	0	0	0
70_R1.fasta	70	1	2	0	0	0	0	7	0	2	2	3	0	1	0	4	0	0	0	0	0	0	0	0	0	0	0	0	0
70_R2.fasta	70	2	2	0	0	0	0	7	0	2	2	2	0	1	0	4	0	0	0	0	0	0	0	0	0	0	0	0	0
71_R1.fasta	71	1	12711	0	0	0	7235	9969	1972	0	1308	39	0	0	0	303	0	142	0	0	0	0	0	0	0	0	0	0	0
71_R2.fasta	71	2	12551	0	0	0	7275	9908	2150	0	1304	41	0	0	0	298	0	142	0	0	0	0	0	0	0	0	0	0	1
72_R1.fasta	72	1	10102	0	0	0	10765	11564	1329	0	449	39	0	0	0	1711	0	0	0	0	0	0	0	0	0	0	0	0	0
72_R2.fasta	72	2	9981	0	0	0	10732	11566	1212	0	448	40	0	0	0	1692	0	0	0	0	0	0	0	0	0	0	0	0	0
73_R1.fasta	73	1	23304	0	0	0	9547	6277	24	0	6789	453	0	0	0	0	0	0	0	0	0	0	0	0	0	0	0	0	0
73_R2.fasta	73	2	23024	0	0	0	9593	6234	24	0	6787	446	0	0	0	0	0	0	0	0	0	0	0	0	0	0	0	0	0
74_R1.fasta	74	1	9443	0	0	0	7250	8166	1262	1	540	22	0	1	0	443	2	0	0	0	0	0	0	0	0	0	0	0	0
74_R2.fasta	74	2	9313	0	0	0	7261	8128	1403	1	540	21	0	1	0	436	2	0	0	0	0	0	0	0	0	0	0	0	0
75_R1.fasta	75	1	10293	0	0	0	14854	10316	2615	0	1611	25	0	0	0	508	2	0	0	0	0	0	0	0	0	0	0	0	0
75_R2.fasta	75	2	10137	0	0	0	14897	10231	2905	0	1599	24	0	1	0	496	2	0	0	0	0	0	0	0	0	0	0	0	0
76_R1.fasta	76	1	7025	0	0	0	5243	6056	808	1	1462	70	0	0	0	408	2	0	0	0	0	0	0	0	0	0	0	0	0
76_R2.fasta	76	2	6915	0	0	0	5243	6038	1028	1	1453	69	0	0	0	408	2	0	0	0	0	0	0	0	0	0	0	0	0
77_R1.fasta	77	1	14515	1	6	0	27495	2250	1241	406	403	39	1	230	33	257	478	32	22	2	0	0	45	0	0	0	0	0	0
77_R2.fasta	77	2	14336	1	6	0	27591	2230	1207	395	398	37	1	230	32	252	463	23	22	1	0	0	44	0	0	0	0	0	0
78_R1.fasta	78	1	6547	1	0	0	11324	7117	611	0	1030	62	0	1	0	0	0	0	0	0	0	0	0	0	0	0	0	0	0
78_R2.fasta	78	2	6490	1	0	0	11479	7028	766	0	1025	60	0	1	0	0	0	0	0	0	0	0	0	0	0	0	0	0	0
79_R1.fasta	79	1	21102	0	0	0	13866	2192	2163	0	2215	15	0	0	0	363	0	0	0	0	0	0	0	0	0	0	0	0	0
79_R2.fasta	79	2	20766	0	0	0	13925	2151	2406	0	2211	15	0	0	0	353	0	0	0	0	0	0	0	0	0	0	0	0	0
7_R1.fasta	7	1	11530	0	0	0	11940	6775	1690	1	2028	26	0	0	0	340	4	0	7	0	0	0	0	0	0	0	0	0	0
7_R2.fasta	7	2	11360	0	0	0	11924	6720	1980	0	2029	26	0	0	0	336	3	0	7	0	0	0	0	0	0	0	0	0	0
80_R1.fasta	80	1	16382	4	0	0	13174	2660	1355	1	2512	25	0	5	0	353	0	0	0	0	0	0	0	0	0	0	0	0	0
80_R2.fasta	80	2	16114	4	0	0	13199	2669	1640	1	2502	24	0	5	0	347	1	0	0	0	0	0	0	0	0	0	0	0	0
81_R1.fasta	81	1	14653	1	0	0	15110	2939	1857	4	2366	22	0	3	0	414	0	0	0	0	0	0	0	0	0	0	0	0	0
81_R2.fasta	81	2	14519	1	0	0	15126	2929	2111	4	2375	21	0	3	0	409	0	0	0	0	0	0	0	0	0	0	0	0	0
82_R1.fasta	82	1	18289	4	0	0	15175	403	2373	3	2926	170	0	1	0	114	0	0	0	0	0	0	0	0	0	0	0	0	0
82_R2.fasta	82	2	18100	4	0	0	15191	398	2815	3	2925	170	0	1	0	114	0	0	0	0	0	0	0	0	0	0	0	0	0
83_R1.fasta	83	1	19587	0	0	0	12189	764	1102	0	1763	22	0	2	0	113	2	0	0	0	0	0	0	0	0	0	0	0	0
83_R2.fasta	83	2	19399	0	0	0	12186	757	1180	1	1764	22	0	2	0	107	2	0	0	0	0	0	0	0	0	0	0	0	0
84_R1.fasta	84	1	5609	1	0	0	14195	8374	1241	0	1	6	0	3	0	1472	1	0	0	0	0	0	0	0	0	0	0	0	0
84_R2.fasta	84	2	5537	1	0	0	14245	8279	1226	0	2	5	0	3	0	1444	1	0	0	0	0	0	0	0	0	0	0	0	0
85_R1.fasta	85	1	10811	0	0	0	10604	6751	769	0	167	244	0	0	0	309	0	0	0	0	0	0	0	0	0	0	0	0	0
85_R2.fasta	85	2	10635	0	0	0	10580	6687	1082	0	161	239	0	0	0	304	0	0	0	0	0	0	0	0	0	0	0	0	0
86_R1.fasta	86	1	12753	0	0	0	9973	3551	1137	0	1097	78	0	0	0	109	0	0	1	0	0	0	0	0	0	0	0	0	0
86_R2.fasta	86	2	12580	0	0	0	9914	3586	1183	0	1092	78	0	0	0	109	0	0	0	0	0	0	0	0	0	0	0	0	0
87_R1.fasta	87	1	698	1	0	0	661	325	56	2	17	14	0	3	0	25	4	0	1	0	0	0	0	0	0	0	0	0	0
87_R2.fasta	87	2	688	1	0	0	661	325	66	2	17	14	0	3	0	24	4	0	1	0	0	0	0	0	0	0	0	0	0
88_R1.fasta	88	1	1	0	0	0	2	18	0	1	0	4	0	1	0	48439	0	0	0	0	0	0	0	0	0	0	0	0	1
88_R2.fasta	88	2	1	0	0	0	1	17	0	1	0	4	0	1	0	48128	0	0	0	0	0	0	0	0	0	0	0	0	0
89_R1.fasta	89	1	1	0	0	0	1	4	0	5	0	3	0	2	0	1	1	0	0	0	0	0	0	0	0	0	0	0	0
89_R2.fasta	89	2	0	0	0	0	1	5	0	5	0	3	0	2	0	1	1	0	0	0	0	0	0	0	0	0	0	0	0
8_R1.fasta	8	1	7718	0	0	0	11121	274	1916	0	2367	2	0	0	0	5	5	0	0	0	0	0	0	0	0	0	0	0	0
8_R2.fasta	8	2	7616	0	0	0	11126	276	1845	0	2371	2	0	0	0	5	5	0	0	0	0	0	0	0	0	0	0	0	0
90_R1.fasta	90	1	4862	0	0	0	4940	27101	1284	0	287	12	0	0	0	491	0	44	0	0	0	0	0	0	0	0	0	0	0
90_R2.fasta	90	2	4810	0	0	0	4947	27108	1473	0	286	12	0	0	0	491	0	43	0	0	0	0	0	0	0	0	0	0	0
91_R1.fasta	91	1	11316	0	82	0	21327	3432	1641	616	296	437	0	0	0	855	847	0	254	0	0	0	0	0	0	0	0	0	0
91_R2.fasta	91	2	11215	0	83	0	21346	3474	1872	602	297	429	0	0	0	849	835	0	289	0	0	0	0	0	0	0	0	0	2
92_R1.fasta	92	1	10954	0	0	0	17810	4392	56	0	11681	370	0	0	0	1	0	0	0	0	0	0	0	0	0	0	0	0	0
92_R2.fasta	92	2	10815	0	0	0	17844	4392	55	0	11667	351	0	0	0	1	0	0	0	0	0	0	0	0	0	0	0	0	0
93_R1.fasta	93	1	16358	0	0	0	15945	9590	141	0	10285	343	0	0	0	1	0	0	0	1	0	0	0	0	0	0	0	0	0
93_R2.fasta	93	2	16135	0	0	0	16018	9496	140	0	10283	333	0	0	0	1	0	0	0	1	0	0	0	0	0	0	0	0	0
94_R1.fasta	94	1	12230	0	0	0	9414	22080	28	0	2673	399	0	1	0	1	0	0	0	0	0	0	0	0	0	0	0	0	0
94_R2.fasta	94	2	12055	0	0	0	9416	21980	28	0	2692	388	0	1	0	1	0	0	0	0	0	0	0	0	0	0	0	0	0
95_R1.fasta	95	1	21041	0	0	0	10377	14044	9	1	6053	617	0	0	0	7	1	0	0	0	0	0	0	0	0	0	0	0	0
95_R2.fasta	95	2	20752	0	0	0	10402	13962	9	1	6059	602	0	0	0	8	1	0	0	0	0	0	0	0	0	0	0	0	0
96_R1.fasta	96	1	15506	0	0	0	10915	5401	26	0	8865	294	0	0	0	5	0	0	4	5	0	0	0	0	0	0	0	0	0
96_R2.fasta	96	2	15245	0	0	0	10905	5336	27	0	8887	281	0	0	0	5	0	0	4	5	0	0	0	0	0	0	0	0	0
97_R1.fasta	97	1	22514	0	0	0	11907	4327	1402	0	1524	95	0	0	0	429	1	0	0	0	0	0	0	0	0	0	0	0	0
97_R2.fasta	97	2	22200	0	0	0	11946	4302	1648	0	1518	90	0	0	0	419	1	0	0	0	0	0	0	0	0	0	0	0	0
98_R1.fasta	98	1	7043	0	0	0	11022	12813	2008	0	74	104	0	0	0	1054	0	0	0	0	0	0	0	0	0	0	0	0	0
98_R2.fasta	98	2	6972	0	0	0	11001	12759	2109	0	74	100	0	0	0	1035	0	0	0	0	0	0	0	0	0	0	0	0	0
99_R1.fasta	99	1	19396	1	0	0	14687	3802	1384	0	4859	68	0	2	2	154	2	0	0	0	0	0	0	0	0	0	0	0	0
99_R2.fasta	99	2	19137	1	0	0	14725	3779	1631	0	4874	68	0	2	2	153	0	0	0	0	0	0	0	0	0	0	0	0	0
9_R1.fasta	9	1	12234	0	0	0	22612	971	2466	0	2952	17	0	0	0	1	0	0	0	0	0	0	0	0	0	0	0	0	0
9_R2.fasta	9	2	11985	0	0	0	23063	963	2411	0	2973	17	0	0	0	0	0	0	0	0	0	0	0	0	0	0	0	0	0
