fileName	sampleID	read	Bacteroidetes	Firmicutes	Verrucomicrobia	Actinobacteria	Spirochaetes	Fusobacteria	Proteobacteria	Cyanobacteria/Chloroplast	Acidobacteria	Synergistetes	Tenericutes	Candidatus Saccharibacteria	Deinococcus-Thermus	Thermotogae	SR1	Parcubacteria	Planctomycetes	Microgenomates	Lentisphaerae	Crenarchaeota
100_R1.fasta	100	1	13274	33595	2805	39	1	3	1	0	0	0	0	0	0	0	0	0	0	0	0	0
100_R2.fasta	100	2	13209	34555	2807	39	1	3	2	0	0	0	0	0	0	0	0	0	0	0	0	0
101_R1.fasta	101	1	13948	35790	3334	57	1	2	1	0	0	0	0	0	0	0	0	0	0	0	0	0
101_R2.fasta	101	2	13892	36646	3346	56	1	2	1	0	0	0	0	0	0	0	0	0	0	0	0	0
102_R1.fasta	102	1	17210	30354	3173	57	0	0	1	0	0	0	0	0	0	0	0	0	0	0	0	0
102_R2.fasta	102	2	17169	31444	3183	56	0	1	1	0	0	0	0	0	0	0	0	0	0	0	0	0
103_R1.fasta	103	1	18739	30291	4547	66	0	2	1029	2	0	0	0	0	0	0	0	0	0	0	0	0
103_R2.fasta	103	2	18678	30735	4561	61	0	2	1023	2	1	0	0	0	0	0	0	0	0	0	0	0
104_R1.fasta	104	1	22269	28255	3701	22	0	0	804	0	0	0	0	0	0	0	0	0	0	0	0	0
104_R2.fasta	104	2	22162	28715	3729	20	0	0	803	0	0	0	0	0	0	0	0	0	0	0	0	1
105_R1.fasta	105	1	4908	39112	2	0	0	0	2713	0	0	0	0	0	0	0	0	0	0	0	0	0
105_R2.fasta	105	2	4870	39169	2	0	0	0	2709	0	0	0	0	0	0	0	0	0	0	0	0	1
106_R1.fasta	106	1	3	9	0	2	0	3	3	0	0	0	0	0	0	0	0	0	0	0	0	0
106_R2.fasta	106	2	3	2	0	1	0	3	3	0	0	0	0	0	0	0	0	0	0	0	0	0
107_R1.fasta	107	1	16678	21951	2286	69	0	0	417	0	0	0	0	0	0	0	0	0	0	0	0	0
107_R2.fasta	107	2	16627	22366	2281	69	0	0	416	0	0	0	0	0	0	0	0	0	0	0	0	0
108_R1.fasta	108	1	21331	28103	2631	131	0	0	758	0	0	0	0	0	0	0	0	0	0	0	0	0
108_R2.fasta	108	2	21261	28666	2621	130	0	0	757	0	0	0	0	0	0	0	0	0	0	0	0	0
109_R1.fasta	109	1	14449	36579	1572	125	0	0	1643	0	0	0	0	0	0	0	0	0	0	0	0	0
109_R2.fasta	109	2	14404	37012	1567	124	0	0	1637	0	0	0	0	0	0	0	0	0	0	0	0	1
10_R1.fasta	10	1	12832	30852	3688	20	0	13	2	0	0	0	0	0	0	0	0	0	0	0	0	0
10_R2.fasta	10	2	12784	31064	3696	20	0	13	2	0	0	0	0	0	0	0	0	0	0	0	0	0
110_R1.fasta	110	1	19228	21465	5165	163	0	0	1	0	0	0	0	0	0	0	0	0	0	0	0	0
110_R2.fasta	110	2	19197	21465	5169	157	0	0	1	0	0	0	0	0	0	0	0	0	0	0	0	1
111_R1.fasta	111	1	12858	28990	7977	291	0	0	6	0	0	0	0	0	0	0	0	0	0	0	0	0
111_R2.fasta	111	2	12812	29013	7975	273	0	0	5	0	2	0	0	0	0	0	0	0	0	0	0	2
112_R1.fasta	112	1	21026	20523	7597	231	0	0	7	0	0	0	0	0	0	0	0	0	0	0	0	0
112_R2.fasta	112	2	20969	20568	7607	222	0	0	6	0	1	0	0	0	0	0	0	0	0	0	0	0
113_R1.fasta	113	1	14402	22941	62	177	0	301	1853	0	0	53	43	0	0	0	0	0	0	0	0	0
113_R2.fasta	113	2	14299	22926	64	174	0	303	1779	0	1	52	44	0	0	0	0	0	0	0	0	1
114_R1.fasta	114	1	4	12	0	2	0	1	3	0	0	0	0	0	0	0	0	0	0	0	0	0
114_R2.fasta	114	2	2	13	0	1	0	1	3	0	0	0	0	0	0	0	0	0	0	0	0	0
115_R1.fasta	115	1	20406	22379	2120	20	0	0	401	0	0	0	0	0	0	0	0	0	0	0	0	0
115_R2.fasta	115	2	20302	22571	2124	20	0	0	397	0	0	0	0	0	0	0	0	0	0	0	0	0
116_R1.fasta	116	1	20706	17260	4191	34	0	1	4945	0	0	0	0	0	0	0	0	0	0	0	0	0
116_R2.fasta	116	2	20632	17556	4177	34	0	1	4903	0	0	0	0	0	0	0	0	0	0	0	0	0
117_R1.fasta	117	1	36047	22024	1814	41	0	2	282	0	0	0	0	0	0	0	0	0	0	0	0	0
117_R2.fasta	117	2	35966	22357	1820	39	0	2	277	0	1	0	0	0	0	0	0	0	0	0	0	1
118_R1.fasta	118	1	23022	15369	1906	27	0	0	96	0	0	0	0	0	0	0	0	0	0	0	0	0
118_R2.fasta	118	2	22991	15577	1893	27	0	0	95	0	0	0	0	0	0	0	0	0	0	0	0	0
119_R1.fasta	119	1	15815	34355	4	91	0	77	731	0	0	5	0	1	0	0	0	0	0	0	0	0
119_R2.fasta	119	2	15768	34292	4	89	0	79	725	0	0	5	0	1	0	0	0	0	0	0	0	0
11_R1.fasta	11	1	17018	20743	2059	15	0	7	414	0	0	0	0	0	0	0	0	0	0	0	0	0
11_R2.fasta	11	2	16957	21075	2039	14	0	6	406	0	1	0	0	0	0	0	0	0	0	0	0	0
120_R1.fasta	120	1	13330	38838	1793	33	0	0	872	0	0	0	0	0	0	0	0	0	0	0	0	0
120_R2.fasta	120	2	13322	39193	1804	32	0	0	863	0	2	0	0	0	0	0	0	0	0	0	0	0
121_R1.fasta	121	1	20314	27449	2399	13	0	0	303	0	0	0	0	0	0	0	0	0	0	0	0	0
121_R2.fasta	121	2	20271	27683	2404	13	0	0	302	0	0	0	0	0	0	0	0	0	0	0	0	0
122_R1.fasta	122	1	22070	24398	3414	43	0	0	263	0	0	0	0	0	0	0	0	0	0	0	0	0
122_R2.fasta	122	2	22011	24226	3424	43	0	0	261	0	0	0	0	0	0	0	0	0	0	0	0	1
123_R1.fasta	123	1	100	136	18	8	1	2	12	0	0	0	0	0	0	0	0	0	0	0	0	0
123_R2.fasta	123	2	98	136	18	7	1	2	11	0	0	0	0	0	0	0	0	0	0	0	0	0
124_R1.fasta	124	1	1	16	0	4	0	5	41264	1	0	0	0	1	0	0	0	0	0	0	0	0
124_R2.fasta	124	2	1	12	0	4	0	5	41060	1	0	0	0	1	0	0	0	0	0	0	0	0
125_R1.fasta	125	1	15	2	0	0	0	9	3	0	0	0	0	0	0	0	0	0	0	0	0	0
125_R2.fasta	125	2	17	1	0	0	0	8	2	0	0	0	0	0	0	0	0	0	0	0	0	0
126_R1.fasta	126	1	16670	34818	4113	22	0	0	237	2	0	0	0	0	0	0	0	0	0	0	0	0
126_R2.fasta	126	2	16646	35424	4116	23	0	0	229	2	1	0	0	0	0	0	0	0	0	0	0	0
127_R1.fasta	127	1	12807	11173	2855	80	0	0	172	0	0	0	0	0	0	0	0	0	0	0	0	0
127_R2.fasta	127	2	12799	11215	2864	79	0	0	170	0	0	0	0	0	0	0	0	0	0	0	0	0
128_R1.fasta	128	1	18469	11737	1155	43	0	0	399	0	0	0	0	0	0	0	0	0	0	0	0	0
128_R2.fasta	128	2	18436	11758	1155	43	0	0	396	0	0	0	0	0	0	0	0	0	0	0	0	0
129_R1.fasta	129	1	14671	18338	544	68	0	2	781	1	0	0	0	0	0	0	0	0	0	0	0	0
129_R2.fasta	129	2	14626	18565	544	68	0	2	776	1	0	0	0	0	0	0	0	0	0	0	0	0
12_R1.fasta	12	1	9055	12959	1408	17	0	5	575	0	0	0	0	1	0	0	0	0	0	0	0	0
12_R2.fasta	12	2	9024	13030	1413	15	0	5	576	0	0	0	0	0	0	0	0	0	0	0	0	0
130_R1.fasta	130	1	6072	10243	649	29	0	0	1723	0	0	0	0	0	0	0	0	0	0	0	0	0
130_R2.fasta	130	2	6046	10334	646	28	0	0	1715	0	1	0	0	0	0	0	0	0	0	0	0	0
131_R1.fasta	131	1	11454	24358	1097	11	0	5	579	0	0	0	0	1	0	0	0	0	0	0	0	0
131_R2.fasta	131	2	11402	24733	1100	11	0	5	570	0	1	0	0	1	0	0	0	0	0	0	0	0
132_R1.fasta	132	1	17753	14907	1689	41	0	2	544	0	0	0	0	3	0	0	0	0	0	0	0	0
132_R2.fasta	132	2	17678	14946	1695	41	0	2	538	0	0	0	0	2	0	0	0	0	0	0	0	1
133_R1.fasta	133	1	12589	12555	6136	177	0	0	313	0	0	0	0	0	0	0	0	0	0	0	0	0
133_R2.fasta	133	2	12566	12525	6152	169	0	0	311	0	0	0	0	0	0	0	0	0	0	0	0	0
134_R1.fasta	134	1	9582	22337	1682	19	0	0	905	0	0	0	0	0	0	0	0	0	0	0	0	0
134_R2.fasta	134	2	9535	22530	1683	18	0	0	900	0	0	0	0	0	0	0	0	0	0	0	0	1
135_R1.fasta	135	1	10192	27195	1896	23	0	3	946	0	0	0	0	0	0	0	0	0	0	0	0	0
135_R2.fasta	135	2	10150	27455	1894	24	0	3	939	0	0	0	0	0	0	0	0	0	0	0	0	0
136_R1.fasta	136	1	17856	12253	4255	46	0	3	1526	0	0	0	0	0	0	0	0	0	0	0	0	0
136_R2.fasta	136	2	17780	12370	4233	47	0	3	1507	0	0	0	0	0	0	0	0	0	0	0	0	0
137_R1.fasta	137	1	25736	23588	5185	555	0	8	2965	0	0	0	0	0	0	0	0	0	0	0	0	0
137_R2.fasta	137	2	25668	23631	5188	533	0	8	2931	0	0	0	0	0	0	0	0	0	0	0	0	0
138_R1.fasta	138	1	13179	31914	3777	160	0	7	3421	15	0	0	0	0	0	0	0	0	0	0	0	0
138_R2.fasta	138	2	13149	32436	3782	159	0	7	3392	10	0	0	0	0	0	0	0	0	0	0	0	0
139_R1.fasta	139	1	16991	36411	1884	87	0	1	5795	0	0	0	0	0	0	0	0	0	0	0	0	0
139_R2.fasta	139	2	16937	37769	1883	87	0	1	5720	0	0	0	0	0	0	0	0	0	0	0	0	1
13_R1.fasta	13	1	13369	41451	1995	34	0	3	2068	0	0	0	0	1	0	0	0	0	0	0	0	0
13_R2.fasta	13	2	13338	41865	1994	34	0	3	2053	0	0	0	0	1	0	0	0	0	0	0	0	0
140_R1.fasta	140	1	13720	11643	641	7	0	0	1422	3	0	0	0	0	0	0	0	0	0	0	0	0
140_R2.fasta	140	2	13693	11654	642	7	0	0	1416	2	1	0	0	0	0	0	0	0	0	0	0	0
141_R1.fasta	141	1	17685	13278	647	55	0	0	1528	0	0	0	0	0	0	0	0	0	0	0	0	0
141_R2.fasta	141	2	17645	13383	649	54	0	0	1514	0	0	0	0	0	0	0	0	0	0	0	0	0
142_R1.fasta	142	1	19868	15178	856	38	0	0	2906	0	0	0	0	2	0	0	0	0	0	0	0	0
142_R2.fasta	142	2	19851	15160	854	38	0	0	2873	0	0	0	0	2	0	0	0	0	0	0	0	0
143_R1.fasta	143	1	30275	15931	905	34	0	0	3665	0	0	0	0	0	0	0	0	0	0	0	0	0
143_R2.fasta	143	2	30222	16242	908	35	0	0	3629	0	0	0	0	0	0	0	0	0	0	0	0	0
144_R1.fasta	144	1	8395	14499	781	65	0	0	6857	0	0	0	0	0	0	0	0	0	0	0	0	0
144_R2.fasta	144	2	8370	14621	781	65	0	0	6801	0	0	0	0	0	0	0	0	0	0	0	0	0
145_R1.fasta	145	1	13891	17147	1232	172	0	2	2568	0	0	0	0	10	0	0	0	0	0	0	0	0
145_R2.fasta	145	2	13836	17202	1234	170	0	2	2542	0	0	0	0	9	0	0	0	0	0	0	0	0
146_R1.fasta	146	1	11204	27461	1005	139	0	0	7956	0	0	0	0	0	0	0	0	0	0	0	0	0
146_R2.fasta	146	2	11160	28870	1009	139	0	0	7888	0	1	0	0	0	0	0	0	0	0	0	0	0
147_R1.fasta	147	1	16672	14969	6790	112	0	0	2867	0	0	0	0	0	0	0	0	0	0	0	0	0
147_R2.fasta	147	2	16610	15251	6777	110	0	0	2846	0	0	0	0	0	0	0	0	0	0	0	0	0
148_R1.fasta	148	1	16592	26941	4430	95	0	0	1911	0	0	0	0	1	0	0	0	0	0	0	0	0
148_R2.fasta	148	2	16543	27234	4414	93	0	0	1890	0	1	0	0	4	0	0	0	0	0	0	0	0
149_R1.fasta	149	1	18247	13024	1985	14	0	2	4897	0	0	0	0	0	14	0	0	0	0	0	0	0
149_R2.fasta	149	2	18173	13160	1982	13	0	2	4849	0	0	0	0	0	15	0	0	0	0	0	0	0
14_R1.fasta	14	1	14868	26822	1694	19	0	1	2103	0	0	0	0	0	0	0	0	0	0	0	0	1
14_R2.fasta	14	2	14815	26992	1690	17	0	1	2091	0	0	0	0	0	0	0	0	0	0	0	0	0
150_R1.fasta	150	1	10576	17384	1847	7	0	0	1392	0	0	0	0	0	0	0	0	0	0	0	0	0
150_R2.fasta	150	2	10539	17783	1850	7	0	0	1373	0	0	0	0	0	0	0	0	0	0	0	0	0
151_R1.fasta	151	1	15081	14343	5338	177	0	2	4814	0	0	0	0	0	0	1	0	0	0	0	0	0
151_R2.fasta	151	2	15037	14354	5346	173	0	2	4763	0	0	0	0	0	0	0	0	0	0	0	0	0
152_R1.fasta	152	1	19391	22296	2388	25	0	0	2585	0	0	0	0	0	0	0	0	0	0	0	0	0
152_R2.fasta	152	2	19291	22606	2380	24	0	0	2561	0	0	0	0	0	0	0	0	0	0	0	0	0
153_R1.fasta	153	1	18871	16962	2032	62	0	0	5056	0	0	0	0	0	0	0	0	0	0	0	0	0
153_R2.fasta	153	2	18831	17126	2021	62	0	0	5012	0	0	0	0	0	0	0	0	0	0	0	0	1
154_R1.fasta	154	1	17184	14234	810	51	0	3	6499	0	0	0	0	0	0	0	0	0	0	0	0	0
154_R2.fasta	154	2	17119	14531	809	51	0	4	6452	0	0	0	0	0	0	0	0	0	0	0	0	0
155_R1.fasta	155	1	7485	15116	1502	127	0	3	1947	0	0	0	0	0	0	0	0	0	0	0	0	0
155_R2.fasta	155	2	7451	15127	1500	122	0	3	1928	0	1	0	0	0	0	0	0	0	0	0	0	0
156_R1.fasta	156	1	17777	23370	5459	135	0	0	3641	0	0	0	0	0	0	0	0	0	0	0	0	0
156_R2.fasta	156	2	17730	23382	5465	127	0	0	3608	0	0	0	0	0	0	0	0	0	0	0	0	0
157_R1.fasta	157	1	9716	15175	863	117	0	0	2383	0	0	0	0	0	0	0	0	0	0	0	0	0
157_R2.fasta	157	2	9673	15162	868	114	0	0	2356	0	0	0	0	0	0	0	0	0	0	0	0	0
158_R1.fasta	158	1	20689	13525	1827	13	0	0	1570	0	0	0	0	0	0	0	0	0	0	0	0	0
158_R2.fasta	158	2	20647	13594	1831	12	0	0	1557	0	0	0	0	0	0	0	0	0	0	0	0	0
159_R1.fasta	159	1	7625	23275	722	43	0	0	3055	0	0	0	0	0	0	0	0	0	0	0	0	0
159_R2.fasta	159	2	7582	23749	720	43	0	0	3022	0	0	0	0	0	0	0	0	0	0	0	0	0
15_R1.fasta	15	1	17965	33597	2334	56	0	0	456	0	0	0	0	0	0	0	0	0	0	0	0	0
15_R2.fasta	15	2	17907	33849	2342	56	0	0	448	0	1	0	0	0	0	0	0	0	0	0	0	0
160_R1.fasta	160	1	12698	14628	1745	12	0	0	924	0	0	0	0	0	0	0	0	0	0	0	0	0
160_R2.fasta	160	2	12660	14547	1744	12	0	0	911	0	0	0	0	0	0	0	0	0	0	0	0	0
161_R1.fasta	161	1	11671	11862	1216	6	0	2	4173	0	0	0	0	0	0	0	0	0	0	0	0	0
161_R2.fasta	161	2	11659	11955	1214	6	0	1	4129	0	0	0	0	0	0	0	0	0	0	0	0	0
162_R1.fasta	162	1	16065	11610	598	81	0	2	9575	0	0	0	0	0	0	0	0	0	0	0	0	0
162_R2.fasta	162	2	16017	11899	597	79	0	2	9496	0	0	0	0	0	0	0	0	0	0	0	0	0
163_R1.fasta	163	1	11880	18036	641	44	0	4	973	0	0	0	0	0	0	0	1	0	0	0	0	0
163_R2.fasta	163	2	11848	18147	642	44	0	4	956	0	0	0	0	0	0	0	1	0	0	0	0	0
164_R1.fasta	164	1	9014	13653	856	70	0	0	2764	0	0	0	0	0	0	0	0	0	0	0	0	0
164_R2.fasta	164	2	8972	13776	857	74	0	0	2737	0	0	0	0	0	0	0	0	0	0	0	0	0
165_R1.fasta	165	1	5571	7295	620	3	0	0	1753	0	0	0	0	0	0	0	0	0	0	0	0	0
165_R2.fasta	165	2	5547	7430	620	3	0	0	1728	0	1	0	0	0	0	0	0	0	0	0	0	0
166_R1.fasta	166	1	3817	13500	834	6	0	0	3559	0	0	0	0	0	0	0	0	0	0	0	0	0
166_R2.fasta	166	2	3786	13626	832	6	0	0	3511	0	0	0	0	0	0	0	0	0	0	0	0	0
167_R1.fasta	167	1	9987	7823	1237	59	0	7	3006	0	14	0	0	0	0	0	0	0	0	0	0	0
167_R2.fasta	167	2	9957	7769	1234	57	0	6	2969	0	14	0	0	0	0	0	0	0	0	0	0	0
168_R1.fasta	168	1	16298	13118	1505	2	0	10	3367	0	0	0	0	28	0	0	0	0	0	0	0	1
168_R2.fasta	168	2	16287	13253	1509	2	0	10	3336	0	1	0	0	37	0	0	0	0	0	0	0	0
169_R1.fasta	169	1	25451	18148	1774	10	0	1	2673	0	0	0	0	0	0	0	0	0	0	0	0	0
169_R2.fasta	169	2	25434	18152	1782	9	0	1	2652	0	0	0	0	0	0	0	0	3	0	0	0	0
16_R1.fasta	16	1	13932	13395	2529	42	0	0	151	0	0	0	0	0	0	0	0	0	0	0	0	0
16_R2.fasta	16	2	13889	13350	2527	43	0	0	148	0	0	0	0	0	0	0	0	0	0	0	0	0
170_R1.fasta	170	1	17275	14020	1527	5	0	1	2827	0	0	0	0	0	0	0	0	0	0	0	0	0
170_R2.fasta	170	2	17209	14029	1525	3	0	1	2804	0	0	0	0	0	0	0	0	0	0	0	0	0
171_R1.fasta	171	1	1750	4936	73	44	0	0	1945	0	0	0	0	0	0	0	0	0	0	0	0	0
171_R2.fasta	171	2	1740	4949	75	41	0	0	1914	0	1	0	0	0	0	0	0	0	0	0	0	0
172_R1.fasta	172	1	11774	14598	639	28	0	0	1340	0	0	0	0	0	0	0	0	0	0	0	0	0
172_R2.fasta	172	2	11732	14631	638	26	0	0	1320	0	0	0	0	0	0	0	0	0	0	0	0	0
173_R1.fasta	173	1	12976	11372	1132	50	0	0	6593	0	0	0	0	0	0	0	0	0	0	0	0	0
173_R2.fasta	173	2	12942	11270	1130	50	0	0	6531	0	0	0	0	0	0	0	0	0	0	0	0	1
174_R1.fasta	174	1	2227	8732	360	26	0	0	3558	0	0	0	0	0	0	0	0	0	0	0	0	0
174_R2.fasta	174	2	2221	8819	359	26	0	0	3539	0	0	0	0	0	0	0	0	0	0	0	0	0
175_R1.fasta	175	1	13778	20830	1451	27	0	0	1178	0	0	0	0	0	0	0	0	0	0	0	0	0
175_R2.fasta	175	2	13733	20910	1450	27	0	0	1164	0	0	0	0	0	0	0	0	0	0	0	0	0
176_R1.fasta	176	1	8787	10727	2546	0	0	0	937	48	0	0	0	0	0	0	0	0	0	0	0	0
176_R2.fasta	176	2	8756	10792	2546	0	0	0	927	43	1	0	0	0	0	0	0	0	0	0	0	0
177_R1.fasta	177	1	6213	19628	1393	68	0	0	1741	0	0	0	0	0	0	0	0	0	0	0	0	0
177_R2.fasta	177	2	6197	19762	1395	68	0	0	1724	0	0	0	0	0	0	0	0	0	0	0	0	1
178_R1.fasta	178	1	9826	22323	455	49	0	3	2514	0	0	0	0	0	0	0	0	0	0	0	0	0
178_R2.fasta	178	2	9791	22510	455	48	0	3	2497	0	0	0	0	0	0	0	0	0	0	0	0	1
179_R1.fasta	179	1	3830	4536	3	16	0	1	884	0	0	0	0	0	0	0	0	0	3	0	0	0
179_R2.fasta	179	2	3804	4307	2	14	0	1	845	0	0	0	0	0	0	0	0	0	3	0	0	1
17_R1.fasta	17	1	14	15	2	3	1	9	1	0	0	0	0	1	0	0	0	0	0	0	0	0
17_R2.fasta	17	2	14	15	2	3	1	9	1	0	0	0	0	1	0	0	0	0	0	0	0	0
180_R1.fasta	180	1	16839	31707	2764	11	0	8	1091	0	0	0	0	0	0	0	0	0	0	0	0	0
180_R2.fasta	180	2	16682	32468	2755	10	0	8	1039	0	0	0	0	0	0	0	0	0	0	0	0	0
181_R1.fasta	181	1	2	7	0	1	0	0	4	0	0	0	0	0	0	0	0	0	0	0	0	0
181_R2.fasta	181	2	2	8	0	1	0	0	3	0	0	0	0	0	0	0	0	0	0	0	0	0
182_R1.fasta	182	1	4	2	0	0	0	0	3	0	0	0	0	0	0	0	0	0	0	0	0	0
182_R2.fasta	182	2	3	2	0	0	0	0	2	0	0	0	0	0	0	0	0	0	0	0	0	0
183_R1.fasta	183	1	11170	19793	2686	9	0	0	439	0	0	0	0	0	0	0	0	0	0	0	0	0
183_R2.fasta	183	2	11108	20228	2647	8	0	0	430	0	0	0	0	0	0	0	0	0	0	0	0	1
184_R1.fasta	184	1	12351	42875	3870	27	0	0	2294	0	0	0	0	0	0	0	0	0	0	0	0	0
184_R2.fasta	184	2	12232	43454	3774	24	0	0	2238	0	1	0	0	0	0	0	0	0	0	0	0	1
185_R1.fasta	185	1	6917	34026	655	16	0	0	492	0	0	0	0	0	0	0	0	0	0	0	0	0
185_R2.fasta	185	2	6841	34408	652	16	0	0	493	0	0	0	0	0	0	0	0	0	0	0	0	0
186_R1.fasta	186	1	26922	21594	10102	114	0	4	422	0	0	0	0	0	0	0	0	0	0	0	0	1
186_R2.fasta	186	2	26834	21888	10168	115	0	3	421	0	1	0	0	0	0	0	0	0	0	0	0	0
187_R1.fasta	187	1	23097	54087	5489	12	0	4	40	0	0	0	0	0	0	0	0	0	0	0	0	0
187_R2.fasta	187	2	23003	54900	5485	12	0	4	40	0	0	0	0	0	0	0	0	0	0	0	0	1
188_R1.fasta	188	1	23090	50037	10580	197	0	2	1314	0	0	0	0	0	0	0	0	0	0	0	0	0
188_R2.fasta	188	2	22954	50939	10628	196	0	2	1261	0	0	0	0	0	0	0	0	0	0	0	0	0
189_R1.fasta	189	1	30857	30997	23195	235	0	6	99	0	0	0	0	0	0	0	0	0	0	0	0	0
189_R2.fasta	189	2	30694	31075	23190	216	0	6	92	0	1	0	0	1	0	0	0	0	0	0	0	2
18_R1.fasta	18	1	5391	10573	121	33	0	77	250	2	0	1	0	0	0	0	0	0	0	0	0	0
18_R2.fasta	18	2	5352	10584	121	29	0	63	214	1	0	1	0	0	0	0	0	1	0	1	0	0
190_R1.fasta	190	1	17651	31174	59	327	0	0	998	0	0	0	0	0	0	0	0	0	0	0	0	0
190_R2.fasta	190	2	17581	32049	54	334	0	0	967	0	0	0	0	0	0	0	0	0	0	0	0	0
191_R1.fasta	191	1	7643	34193	2200	48	0	0	451	0	0	0	0	0	0	0	0	0	0	0	0	0
191_R2.fasta	191	2	7565	35120	2169	49	0	0	447	0	0	0	0	0	0	0	0	0	0	0	0	0
192_R1.fasta	192	1	4022	27104	799	91	0	3	363	0	0	0	0	0	0	0	0	0	0	0	0	0
192_R2.fasta	192	2	3986	27967	792	89	0	3	356	0	0	0	0	0	0	0	0	0	0	0	0	0
193_R1.fasta	193	1	14393	45951	662	681	0	9	1484	0	0	0	0	2	0	0	0	0	0	0	0	0
193_R2.fasta	193	2	14362	49639	669	671	0	9	1445	0	0	0	0	1	0	0	0	0	0	0	0	0
194_R1.fasta	194	1	8596	92052	496	135	1	5	127	0	0	0	1	0	0	0	0	0	0	0	0	1
194_R2.fasta	194	2	8536	95763	489	140	1	5	126	0	0	0	1	0	0	0	0	0	0	0	0	0
195_R1.fasta	195	1	17091	44571	781	62	0	4	329	0	0	0	0	1	0	0	0	0	0	0	0	0
195_R2.fasta	195	2	16975	45860	792	61	0	5	332	0	1	0	0	1	0	0	0	0	0	0	0	0
196_R1.fasta	196	1	22047	34932	1158	1507	0	0	721	0	0	0	0	0	0	0	0	0	0	0	0	1
196_R2.fasta	196	2	22069	34926	1131	1403	0	0	657	0	0	0	0	0	0	0	0	0	0	0	0	1
197_R1.fasta	197	1	27825	33916	13216	179	0	0	4467	0	0	0	0	0	0	0	0	0	0	0	0	1
197_R2.fasta	197	2	27685	34137	13210	176	0	0	4389	0	1	0	0	0	0	0	0	0	0	0	0	0
198_R1.fasta	198	1	17008	12636	9928	145	0	0	1490	0	0	0	0	0	0	0	0	0	0	0	0	0
198_R2.fasta	198	2	16963	12634	9929	146	0	0	1465	0	0	0	0	0	0	0	0	0	0	0	0	0
199_R1.fasta	199	1	47586	10004	10544	66	0	0	785	0	0	0	0	0	0	0	0	0	0	0	0	0
199_R2.fasta	199	2	47602	10208	10582	63	0	0	757	0	0	0	0	0	1	0	0	2	0	0	0	3
19_R1.fasta	19	1	21543	16060	4318	29	0	0	293	0	0	0	0	0	0	0	0	0	0	0	0	0
19_R2.fasta	19	2	21479	16196	4310	31	0	0	291	0	0	0	0	0	0	0	0	0	0	0	0	1
1_R1.fasta	1	1	28209	31406	3140	134	0	0	1017	0	0	0	0	0	0	0	0	0	0	0	0	0
1_R2.fasta	1	2	28132	32114	3130	127	0	0	1005	0	2	0	0	0	0	0	0	0	0	0	0	0
200_R1.fasta	200	1	9304	62448	4159	28	0	0	2139	0	0	0	0	0	0	0	0	0	0	0	0	0
200_R2.fasta	200	2	9260	62848	4102	25	0	0	2093	0	0	0	0	0	0	0	0	0	0	0	0	0
201_R1.fasta	201	1	24756	25667	20889	63	0	0	1472	0	0	0	0	0	0	0	0	0	1	0	0	0
201_R2.fasta	201	2	24705	25971	20889	59	0	0	1418	0	1	0	0	0	0	0	0	0	1	0	0	0
202_R1.fasta	202	1	40469	40581	9601	23	0	0	602	0	0	0	0	1	0	0	0	0	0	0	0	1
202_R2.fasta	202	2	40330	40771	9649	23	0	0	590	0	0	0	0	0	0	0	0	0	0	0	0	0
203_R1.fasta	203	1	29415	5908	33684	58	0	0	1064	0	0	0	0	5	0	0	0	0	0	0	0	0
203_R2.fasta	203	2	29520	5884	33745	59	0	0	1047	0	0	0	0	3	0	0	0	0	0	0	0	0
204_R1.fasta	204	1	27	4	5	1	0	4	80739	0	0	0	0	0	0	0	0	0	0	0	0	0
204_R2.fasta	204	2	28	5	3	0	0	4	80428	0	1	0	0	0	0	0	0	0	0	0	0	0
205_R1.fasta	205	1	10	24	3	2	0	1	20	0	0	0	0	0	0	0	0	0	0	0	0	0
205_R2.fasta	205	2	7	21	0	1	0	1	4	0	0	0	0	0	0	0	0	0	0	0	0	0
20_R1.fasta	20	1	14966	16391	2325	32	0	0	239	0	0	0	0	0	0	0	0	0	0	0	0	0
20_R2.fasta	20	2	14942	16490	2319	33	0	0	242	0	0	0	0	0	0	0	0	0	0	0	0	0
21_R1.fasta	21	1	12006	10220	2926	179	0	6	8	0	0	0	0	0	0	0	0	0	0	0	0	0
21_R2.fasta	21	2	11991	10225	2921	173	0	6	8	0	0	0	0	0	0	0	0	0	0	0	0	0
22_R1.fasta	22	1	9869	20150	805	19	0	0	292	0	0	0	0	0	0	0	0	0	0	0	0	0
22_R2.fasta	22	2	9830	20350	801	19	0	0	290	0	0	0	0	0	0	0	0	0	0	0	0	0
23_R1.fasta	23	1	14766	14442	1117	65	0	9	378	0	0	0	0	0	0	0	0	0	0	0	0	0
23_R2.fasta	23	2	14729	14791	1111	65	0	9	374	0	0	0	0	0	0	0	0	0	0	0	0	1
24_R1.fasta	24	1	13050	10045	1977	57	0	0	87	0	0	0	0	0	0	0	0	0	0	0	0	0
24_R2.fasta	24	2	12966	10160	1972	53	0	0	85	0	0	0	0	0	0	0	0	0	0	0	0	0
25_R1.fasta	25	1	10864	8942	1055	37	0	0	97	0	0	0	0	1	0	0	0	0	0	0	0	0
25_R2.fasta	25	2	10838	9035	1055	37	0	0	95	0	0	0	0	1	0	0	0	0	0	0	0	0
26_R1.fasta	26	1	9560	11677	1616	0	0	0	0	0	0	0	0	0	0	0	0	0	0	0	0	0
26_R2.fasta	26	2	9533	11698	1611	0	0	0	0	0	0	0	0	0	0	0	0	0	0	0	0	0
27_R1.fasta	27	1	8862	18988	170	50	0	5503	927	0	0	5	1	3	0	0	0	0	1	0	0	0
27_R2.fasta	27	2	8865	19063	169	49	0	5569	910	0	0	5	1	3	0	0	0	0	2	0	0	0
28_R1.fasta	28	1	977	12134	59	3	0	0	239	0	0	0	0	0	0	0	0	0	0	0	0	0
28_R2.fasta	28	2	972	12178	60	3	0	0	239	0	0	0	0	0	0	0	0	0	0	0	0	0
29_R1.fasta	29	1	13547	14281	621	39	8	137	465	0	0	0	9	21	0	0	0	0	0	0	0	0
29_R2.fasta	29	2	13538	14477	615	39	8	135	468	0	0	0	9	20	0	0	0	0	0	0	0	0
2_R1.fasta	2	1	14430	36518	2	1	0	0	844	0	0	0	0	0	0	0	0	0	0	0	0	0
2_R2.fasta	2	2	14367	36596	1	1	0	0	846	0	0	0	0	0	0	0	0	0	0	0	0	0
30_R1.fasta	30	1	14880	10158	747	21	0	0	64	0	0	0	0	0	0	0	0	0	0	0	0	0
30_R2.fasta	30	2	14824	10198	752	21	0	0	65	0	0	0	0	0	0	0	0	0	0	0	0	0
31_R1.fasta	31	1	15114	13497	2037	26	0	2	766	0	0	0	0	0	0	0	0	0	0	0	0	0
31_R2.fasta	31	2	15100	13696	2038	24	0	0	759	0	0	0	0	0	0	0	0	0	0	0	0	1
32_R1.fasta	32	1	10148	8049	1084	10	0	1	97	0	0	0	0	0	0	0	0	0	0	0	0	0
32_R2.fasta	32	2	10131	8217	1091	9	0	1	94	0	0	0	0	0	0	0	0	0	0	0	0	0
33_R1.fasta	33	1	5520	16328	652	52	0	0	473	0	0	0	0	0	0	0	0	0	0	0	0	0
33_R2.fasta	33	2	5506	16338	655	50	0	0	470	0	0	0	0	0	0	0	0	0	0	0	0	0
34_R1.fasta	34	1	59	53	3	7	0	2	6	0	0	0	0	0	0	0	0	0	0	0	0	0
34_R2.fasta	34	2	60	54	3	8	0	0	6	0	0	0	0	0	0	0	0	0	0	0	0	0
35_R1.fasta	35	1	10486	15793	1049	35	0	0	774	0	0	0	0	0	0	0	0	0	0	0	0	1
35_R2.fasta	35	2	10470	15966	1049	36	0	0	769	0	0	0	0	0	0	0	0	0	0	0	0	0
36_R1.fasta	36	1	13770	15184	1699	31	0	0	199	0	0	0	0	0	0	0	0	0	0	0	0	0
36_R2.fasta	36	2	13737	15502	1696	31	0	0	199	0	0	0	0	0	0	0	0	0	0	0	0	0
37_R1.fasta	37	1	10136	16947	4468	122	0	0	1	0	0	0	0	0	0	0	0	0	0	0	0	0
37_R2.fasta	37	2	10111	17002	4459	116	0	0	1	0	0	0	0	0	0	0	0	0	0	0	0	0
38_R1.fasta	38	1	16193	17410	5067	211	0	1	3	0	0	0	0	0	0	0	0	0	0	0	0	0
38_R2.fasta	38	2	16184	17430	5065	203	0	1	3	0	0	0	0	0	0	0	0	0	0	0	0	2
39_R1.fasta	39	1	6437	16207	7	126	0	4553	259	0	0	0	0	0	0	0	0	0	0	0	1	0
39_R2.fasta	39	2	6439	16204	6	120	0	4556	249	0	0	0	0	0	0	0	0	0	0	0	1	0
3_R1.fasta	3	1	5491	20344	912	20	0	0	1595	0	0	0	0	0	0	0	0	0	0	0	0	0
3_R2.fasta	3	2	5471	20500	911	19	0	0	1579	0	0	0	0	0	0	0	0	0	0	0	0	0
40_R1.fasta	40	1	15667	24357	2358	26	0	3	460	0	0	0	0	0	0	0	0	0	0	0	0	0
40_R2.fasta	40	2	15587	24719	2350	24	0	4	459	0	0	0	0	0	0	0	0	0	0	0	0	0
41_R1.fasta	41	1	5964	19143	993	16	0	14	111	0	0	0	0	0	0	0	0	0	0	0	0	0
41_R2.fasta	41	2	5950	19380	993	14	0	14	110	0	0	0	0	0	0	0	0	0	0	0	0	0
42_R1.fasta	42	1	6852	24175	707	16	1	3	1	0	0	0	0	0	0	0	0	0	0	0	0	0
42_R2.fasta	42	2	6832	24594	704	16	1	3	1	0	0	0	0	0	0	0	0	0	0	0	0	0
43_R1.fasta	43	1	10827	34287	2185	30	0	0	1	0	0	0	0	0	0	0	0	0	0	0	0	0
43_R2.fasta	43	2	10768	34753	2181	28	0	0	1	0	0	0	0	0	0	0	0	0	0	0	0	0
44_R1.fasta	44	1	17161	22603	2359	30	0	4	387	0	0	0	0	0	0	0	0	0	0	0	0	0
44_R2.fasta	44	2	17125	22919	2343	30	0	4	384	0	0	0	0	0	0	0	0	0	0	0	0	1
45_R1.fasta	45	1	5390	39965	712	31	0	4	1379	0	0	0	0	0	0	0	0	0	0	0	0	0
45_R2.fasta	45	2	5358	40263	715	30	0	4	1373	0	0	0	0	0	0	0	0	0	0	0	0	2
46_R1.fasta	46	1	4303	46091	527	38	0	11	3054	0	0	0	0	0	0	0	0	0	0	0	0	0
46_R2.fasta	46	2	4275	46306	523	39	0	11	3027	0	0	0	0	0	0	0	0	0	0	0	0	0
47_R1.fasta	47	1	28844	19375	2042	30	0	0	198	0	0	0	0	0	0	0	0	0	0	0	0	0
47_R2.fasta	47	2	28775	19455	2044	29	0	0	195	0	0	0	0	1	0	0	0	0	0	0	0	0
48_R1.fasta	48	1	37428	20289	1989	24	0	2	457	0	0	0	0	0	0	0	0	0	0	0	0	0
48_R2.fasta	48	2	37328	20350	1994	24	0	2	454	0	0	0	0	0	0	0	0	0	0	0	0	0
49_R1.fasta	49	1	26771	19498	2632	24	0	0	172	0	0	0	0	0	0	0	0	0	0	0	0	0
49_R2.fasta	49	2	26711	19780	2629	24	0	0	170	0	1	0	0	0	0	0	0	0	0	0	0	0
4_R1.fasta	4	1	12565	23057	6344	120	0	4	9	0	0	0	0	0	0	0	0	0	0	0	0	0
4_R2.fasta	4	2	12505	23040	6362	114	0	4	9	0	0	0	0	0	0	0	0	0	0	0	0	0
50_R1.fasta	50	1	16432	10458	852	16	0	0	241	0	0	0	0	0	0	0	0	0	0	0	0	0
50_R2.fasta	50	2	16377	10590	848	17	0	0	243	0	0	0	0	0	0	0	0	0	0	0	0	0
51_R1.fasta	51	1	2	11	0	5	0	2	2	0	0	0	0	0	0	0	0	0	0	0	0	0
51_R2.fasta	51	2	2	10	0	5	0	2	2	0	0	0	0	0	0	0	0	0	0	0	0	0
52_R1.fasta	52	1	338	14747	13	0	0	0	659	0	0	0	0	0	0	0	0	0	0	0	0	0
52_R2.fasta	52	2	339	14801	13	0	0	0	649	0	0	0	0	0	0	0	0	0	0	0	0	0
53_R1.fasta	53	1	28750	36984	19340	555	0	0	0	0	0	0	0	0	0	0	0	0	0	0	0	0
53_R2.fasta	53	2	28692	37028	19458	511	0	0	0	0	0	0	0	0	0	0	0	0	0	0	0	3
54_R1.fasta	54	1	15452	25288	634	5	0	0	1174	0	0	0	0	0	0	0	0	0	0	0	0	0
54_R2.fasta	54	2	15381	25862	629	5	0	0	1158	0	1	0	0	0	0	0	0	0	0	0	0	0
55_R1.fasta	55	1	21583	54740	5488	80	0	5	1130	0	0	0	0	0	0	0	0	0	0	0	0	0
55_R2.fasta	55	2	21486	55468	5465	81	0	5	1115	0	0	0	0	0	0	0	0	0	0	0	0	0
56_R1.fasta	56	1	24811	21258	2830	100	0	1	118	0	0	0	0	0	0	0	0	0	0	0	0	0
56_R2.fasta	56	2	24779	21861	2829	102	0	0	115	0	0	0	0	0	0	0	0	0	0	0	0	0
57_R1.fasta	57	1	27235	26820	2031	186	0	0	214	0	0	0	0	0	0	0	0	0	0	0	0	0
57_R2.fasta	57	2	27137	27559	2046	183	0	0	212	0	1	0	0	0	0	0	0	0	0	0	0	1
58_R1.fasta	58	1	13242	36184	3395	21	0	0	1	0	0	0	0	0	0	0	0	0	0	0	0	0
58_R2.fasta	58	2	13155	36675	3400	21	0	0	0	0	0	0	0	0	0	0	0	0	0	0	0	0
59_R1.fasta	59	1	9612	27182	2099	18	0	3	2	0	0	0	0	0	0	0	0	0	0	0	0	0
59_R2.fasta	59	2	9577	27615	2101	18	0	3	1	0	0	0	0	0	0	0	0	0	0	0	0	1
5_R1.fasta	5	1	13809	12122	6528	153	0	0	8	0	0	0	0	0	0	0	0	0	0	0	0	0
5_R2.fasta	5	2	13781	12129	6527	147	0	1	8	0	0	0	0	0	0	0	0	0	0	0	0	0
60_R1.fasta	60	1	2681	34020	5799	0	0	0	3	0	0	0	0	0	0	0	0	0	0	0	0	0
60_R2.fasta	60	2	2668	34375	5835	0	0	0	2	0	0	0	0	0	0	0	0	0	0	0	0	0
61_R1.fasta	61	1	23684	31194	4195	42	0	5	548	0	0	0	0	0	0	0	0	0	0	0	0	0
61_R2.fasta	61	2	23618	31731	4186	43	0	5	544	0	0	0	0	0	0	0	0	0	0	0	0	0
62_R1.fasta	62	1	20426	18488	2873	38	0	2	359	0	0	0	0	0	0	0	0	0	0	0	0	0
62_R2.fasta	62	2	20364	18817	2875	34	0	3	357	0	0	0	0	0	0	0	0	0	0	0	0	0
63_R1.fasta	63	1	19585	43543	3376	42	0	5	849	0	0	0	0	0	0	0	0	0	0	0	0	0
63_R2.fasta	63	2	19552	44086	3365	41	0	5	847	0	1	0	0	0	0	0	0	0	0	0	0	0
64_R1.fasta	64	1	20024	28494	3635	34	0	7	1052	0	0	0	0	0	0	0	0	0	0	0	0	0
64_R2.fasta	64	2	19948	29010	3638	35	0	7	1039	0	0	0	0	0	0	0	0	0	0	0	0	0
65_R1.fasta	65	1	25651	28533	4464	38	1	3	484	0	0	0	0	0	0	0	0	0	0	0	0	0
65_R2.fasta	65	2	25580	28857	4498	39	1	4	476	0	0	0	0	0	0	0	0	0	0	0	0	0
66_R1.fasta	66	1	36216	37861	5466	162	0	0	334	0	0	0	0	0	0	0	0	0	0	0	0	0
66_R2.fasta	66	2	36129	37906	5484	164	0	0	329	0	0	0	0	0	0	0	0	0	0	0	0	0
67_R1.fasta	67	1	31114	41327	1504	251	0	0	215	0	0	0	0	0	0	0	0	0	0	0	0	1
67_R2.fasta	67	2	30997	41635	1512	253	0	0	207	0	0	0	0	0	0	0	0	0	0	0	0	1
68_R1.fasta	68	1	3	4	0	2	1	7	3	0	0	0	0	0	0	0	0	0	0	0	0	0
68_R2.fasta	68	2	3	4	0	2	1	7	3	0	0	0	0	0	0	0	0	0	0	0	0	0
69_R1.fasta	69	1	6	17	0	4	0	2	62763	0	0	0	0	0	0	0	0	0	0	0	0	0
69_R2.fasta	69	2	4	15	0	4	0	1	62518	0	0	0	0	0	0	0	0	0	0	0	0	0
6_R1.fasta	6	1	16042	26703	1565	27	0	1	592	0	0	0	0	0	0	0	0	0	0	0	0	0
6_R2.fasta	6	2	15979	27059	1562	27	0	1	588	0	0	0	0	0	0	0	0	0	0	0	0	0
70_R1.fasta	70	1	2	9	2	3	0	1	4	0	0	0	0	0	0	0	0	0	0	0	0	0
70_R2.fasta	70	2	2	9	2	2	0	1	4	0	0	0	0	0	0	0	0	0	0	0	0	0
71_R1.fasta	71	1	12743	19295	1308	39	0	0	445	0	0	0	0	0	0	0	0	0	0	0	0	0
71_R2.fasta	71	2	12687	19826	1304	41	0	0	441	0	1	0	0	0	0	0	0	0	0	0	0	1
72_R1.fasta	72	1	10130	23750	449	39	0	0	1711	0	0	0	0	0	0	0	0	0	0	0	0	0
72_R2.fasta	72	2	10086	23765	448	40	0	0	1694	0	0	0	0	0	0	0	0	0	0	0	0	0
73_R1.fasta	73	1	23373	15906	6789	453	0	0	0	0	0	0	0	0	0	0	0	0	0	0	0	0
73_R2.fasta	73	2	23303	15938	6787	446	0	0	0	0	0	0	0	0	0	0	0	0	0	0	0	0
74_R1.fasta	74	1	9468	16742	540	22	0	1	445	0	0	0	0	0	0	0	0	0	0	0	0	0
74_R2.fasta	74	2	9420	16982	540	21	0	1	439	0	0	0	0	0	0	0	0	0	0	0	0	0
75_R1.fasta	75	1	10308	27905	1611	25	0	0	511	0	0	0	0	0	0	0	0	0	0	0	0	0
75_R2.fasta	75	2	10252	28388	1599	24	0	1	498	0	0	0	0	0	0	0	0	0	0	0	0	0
76_R1.fasta	76	1	7040	12203	1462	70	0	0	411	0	0	0	0	0	0	0	0	0	0	0	0	0
76_R2.fasta	76	2	7006	12488	1454	69	0	0	411	0	0	0	0	0	0	0	0	0	0	0	0	0
77_R1.fasta	77	1	14598	31522	403	39	1	230	837	2	0	45	0	0	0	0	0	0	0	0	0	0
77_R2.fasta	77	2	14576	31615	398	37	1	230	816	1	0	44	0	0	0	0	0	0	0	0	0	0
78_R1.fasta	78	1	6566	19138	1031	62	0	1	0	0	0	0	0	0	0	0	0	0	0	0	0	0
78_R2.fasta	78	2	6539	19454	1025	60	0	1	0	0	1	0	0	0	0	0	0	0	0	0	0	0
79_R1.fasta	79	1	21163	18282	2215	15	0	0	363	0	0	0	0	0	0	0	0	0	0	0	0	0
79_R2.fasta	79	2	21046	18644	2211	15	0	0	354	0	0	0	0	0	0	0	0	0	0	0	0	0
7_R1.fasta	7	1	11564	20587	2028	26	0	0	353	0	0	0	0	0	0	0	0	0	0	0	0	0
7_R2.fasta	7	2	11496	20825	2029	26	0	0	350	0	0	0	0	0	0	0	0	0	0	0	0	0
80_R1.fasta	80	1	16440	17287	2512	25	0	5	353	0	0	0	0	0	0	0	0	0	0	0	0	0
80_R2.fasta	80	2	16330	17622	2502	24	0	5	348	0	0	0	0	0	0	0	0	0	0	0	0	0
81_R1.fasta	81	1	14709	20095	2366	22	0	3	414	0	0	0	0	1	0	0	0	0	0	0	0	0
81_R2.fasta	81	2	14661	20343	2375	21	0	3	410	0	0	0	0	1	0	0	0	0	0	0	0	0
82_R1.fasta	82	1	18361	18212	2926	170	0	1	114	0	0	0	0	0	0	0	0	0	0	0	0	0
82_R2.fasta	82	2	18281	18666	2926	170	0	1	114	0	1	0	0	0	0	0	0	0	0	0	0	0
83_R1.fasta	83	1	19648	14087	1764	22	0	2	115	0	0	0	0	0	0	0	0	0	0	0	0	0
83_R2.fasta	83	2	19599	14224	1764	22	0	2	109	0	0	0	0	0	0	0	0	0	0	0	0	0
84_R1.fasta	84	1	5626	23936	1	6	0	3	1473	0	0	0	0	0	0	0	0	0	0	0	0	0
84_R2.fasta	84	2	5596	23962	2	5	0	3	1453	0	0	0	0	0	0	0	0	0	0	0	0	0
85_R1.fasta	85	1	10840	18206	167	244	0	0	309	0	0	0	0	0	0	0	0	0	0	0	0	0
85_R2.fasta	85	2	10765	18554	161	239	0	0	305	0	0	0	0	0	0	0	0	0	0	0	0	0
86_R1.fasta	86	1	12781	14717	1097	78	0	0	110	0	0	0	0	0	0	0	0	0	0	0	0	0
86_R2.fasta	86	2	12729	14825	1092	78	0	0	109	0	0	0	0	0	0	0	0	0	0	0	0	0
87_R1.fasta	87	1	700	1045	17	14	0	3	30	0	0	0	0	0	0	0	0	0	0	0	0	0
87_R2.fasta	87	2	699	1061	17	14	0	3	29	0	0	0	0	0	0	0	0	0	0	0	0	0
88_R1.fasta	88	1	2	21	0	4	0	1	48452	0	0	0	0	0	0	0	0	0	0	0	0	1
88_R2.fasta	88	2	1	19	0	4	0	1	48250	0	0	0	0	0	0	0	0	0	0	0	0	0
89_R1.fasta	89	1	1	10	0	3	0	2	2	0	0	0	0	0	0	0	0	0	0	0	0	0
89_R2.fasta	89	2	0	11	0	3	0	2	2	0	0	0	0	0	0	0	0	0	0	0	0	0
8_R1.fasta	8	1	7730	13356	2367	2	0	0	10	0	0	0	0	0	0	0	0	0	0	0	0	0
8_R2.fasta	8	2	7716	13392	2371	2	0	0	10	0	0	0	0	0	0	0	0	0	0	0	0	0
90_R1.fasta	90	1	4878	33496	287	12	0	0	535	0	0	0	0	0	0	0	0	0	0	0	0	0
90_R2.fasta	90	2	4861	34004	286	12	0	0	535	0	1	0	0	0	0	0	0	0	0	0	0	0
91_R1.fasta	91	1	11460	27123	296	437	0	0	1994	0	0	0	0	0	0	0	0	0	0	0	0	0
91_R2.fasta	91	2	11430	27449	297	429	0	0	1985	0	0	0	0	0	0	0	0	8	0	0	0	2
92_R1.fasta	92	1	10982	22306	11683	370	0	0	1	0	0	0	0	0	0	0	0	0	0	0	0	0
92_R2.fasta	92	2	10988	22366	11669	351	0	0	1	0	0	0	0	0	0	0	0	0	0	0	0	0
93_R1.fasta	93	1	16396	25757	10285	343	0	0	1	1	0	0	0	0	0	0	0	0	0	0	0	0
93_R2.fasta	93	2	16383	25812	10285	333	0	0	1	1	0	0	0	0	0	0	0	0	0	0	0	0
94_R1.fasta	94	1	12263	31626	2673	399	0	1	1	0	0	0	0	0	0	0	0	0	0	0	0	0
94_R2.fasta	94	2	12238	31719	2692	388	0	1	1	0	1	0	0	0	0	0	0	0	0	0	0	0
95_R1.fasta	95	1	21089	24521	6054	617	0	0	8	0	0	0	0	0	0	0	0	0	0	0	0	0
95_R2.fasta	95	2	21006	24587	6059	602	0	0	9	0	0	0	0	0	0	0	0	0	0	0	0	0
96_R1.fasta	96	1	15546	16401	8866	294	0	0	9	5	0	0	0	0	0	0	0	0	0	0	0	0
96_R2.fasta	96	2	15501	16387	8887	281	0	0	9	5	0	0	0	0	0	0	0	0	0	0	0	0
97_R1.fasta	97	1	22569	17727	1524	95	0	0	430	0	0	0	0	0	0	0	0	0	0	0	0	0
97_R2.fasta	97	2	22501	18120	1518	90	0	0	421	0	0	0	0	0	0	0	0	0	0	0	0	0
98_R1.fasta	98	1	7078	26121	74	104	0	0	1054	0	0	0	0	0	0	0	0	0	0	0	0	0
98_R2.fasta	98	2	7058	26298	74	100	0	0	1040	0	0	0	0	0	0	0	0	0	0	0	0	0
99_R1.fasta	99	1	19480	19955	4859	68	0	2	158	0	0	0	0	0	0	0	0	0	0	0	0	0
99_R2.fasta	99	2	19402	20280	4875	68	0	2	156	0	1	0	0	0	0	0	0	0	0	0	0	0
9_R1.fasta	9	1	12255	26128	2952	17	0	0	1	0	0	0	0	0	0	0	0	0	0	0	0	0
9_R2.fasta	9	2	12190	26581	2973	17	0	0	0	0	0	0	0	0	0	0	0	0	0	0	0	0
