fileName	sampleID	read	Bacteroidales	Flavobacteriales	Sphingobacteriales	Cytophagales	Clostridiales	Lactobacillales	Bacillales	Erysipelotrichales	Selenomonadales	Verrucomicrobiales	Coriobacteriales	Actinomycetales	Bifidobacteriales	Solirubrobacterales	Nitriliruptorales	Spirochaetales	Fusobacteriales	Campylobacterales	Pasteurellales	Enterobacteriales	Oceanospirillales	Cardiobacteriales	Pseudomonadales	Vibrionales	Xanthomonadales	Alteromonadales	Chromatiales	Aeromonadales	Legionellales	Neisseriales	Burkholderiales	Methylophilales	Desulfovibrionales	Bdellovibrionales	Myxococcales	Desulfobacterales	Sphingomonadales	Rhizobiales	Caulobacterales	Rhodobacterales	Rhodospirillales	Synergistales	Mycoplasmatales	Deinococcales	Thermotogales	Planctomycetales	Victivallales	Desulfurococcales
100_R1.fasta	100	1	13232	1	0	0	28614	2308	0	2482	3	2804	33	6	0	0	0	1	3	1	0	0	0	0	0	0	0	0	0	0	0	0	0	0	0	0	0	0	0	0	0	0	0	0	0	0	0	0	0	0
100_R2.fasta	100	2	13091	0	0	0	28928	2279	0	3003	3	2807	33	6	0	0	0	1	3	1	0	0	0	0	0	0	0	0	0	0	0	0	0	0	0	0	0	0	0	0	0	0	0	0	0	0	0	0	0	0
101_R1.fasta	101	1	13914	1	0	0	29710	3511	0	2278	2	3332	52	5	0	0	0	1	2	0	1	0	0	0	0	0	0	0	0	0	0	0	0	0	0	0	0	0	0	0	0	0	0	0	0	0	0	0	0	0
101_R2.fasta	101	2	13794	1	0	0	29926	3484	0	2892	2	3346	51	3	0	0	0	1	2	0	1	0	0	0	0	0	0	0	0	0	0	0	0	0	0	0	0	0	0	0	0	0	0	0	0	0	0	0	0	0
102_R1.fasta	102	1	17167	0	0	0	23365	1353	1	5436	2	3172	56	1	0	0	0	0	0	0	0	0	0	0	0	0	0	0	0	0	0	1	0	0	0	0	0	0	0	0	0	0	0	0	0	0	0	0	0	0
102_R2.fasta	102	2	17004	0	0	0	23382	1349	1	6399	1	3183	55	1	0	0	0	0	1	0	0	0	0	0	0	0	0	0	0	0	0	1	0	0	0	0	0	0	0	0	0	0	0	0	0	0	0	0	0	0
103_R1.fasta	103	1	18659	0	0	0	21683	5846	1	2511	0	4545	51	4	11	0	0	0	2	0	2	1026	0	0	0	0	0	0	0	0	0	0	1	0	0	0	0	0	0	0	0	0	0	0	0	0	0	0	0	0
103_R2.fasta	103	2	18484	0	0	0	21680	5818	1	2888	0	4561	49	3	4	0	0	0	2	0	2	1009	0	0	0	0	0	0	0	0	0	0	1	0	0	0	0	0	0	0	0	0	0	0	0	0	0	0	0	0
104_R1.fasta	104	1	22210	0	0	0	18907	6814	0	2417	0	3701	22	0	0	0	0	0	0	0	0	804	0	0	0	0	0	0	0	0	0	0	0	0	0	0	0	0	0	0	0	0	0	0	0	0	0	0	0	0
104_R2.fasta	104	2	21930	0	0	0	18904	6751	0	2701	0	3728	20	0	0	0	0	0	0	0	0	795	0	0	0	0	0	0	0	0	0	0	0	0	0	0	0	0	0	0	0	0	0	0	0	0	0	0	0	0
105_R1.fasta	105	1	4898	0	0	0	16093	21768	0	971	0	2	0	0	0	0	0	0	0	0	0	2706	0	0	0	0	0	0	0	0	0	0	1	0	0	0	0	0	0	0	0	0	0	0	0	0	0	0	0	0
105_R2.fasta	105	2	4808	0	0	0	16139	21520	0	970	0	1	0	0	0	0	0	0	0	0	0	2678	0	0	0	0	0	0	0	0	0	0	1	0	0	0	0	0	0	0	0	0	0	0	0	0	0	0	0	0
106_R1.fasta	106	1	0	1	2	0	6	2	0	1	0	0	0	2	0	0	0	0	3	1	0	0	1	0	0	0	0	0	0	0	0	1	0	0	0	0	0	0	0	0	0	0	0	0	0	0	0	0	0	0
106_R2.fasta	106	2	0	1	2	0	0	2	0	0	0	0	0	1	0	0	0	0	3	1	0	0	1	0	0	0	0	0	0	0	0	1	0	0	0	0	0	0	0	0	0	0	0	0	0	0	0	0	0	0
107_R1.fasta	107	1	16635	0	0	0	9440	9710	0	2540	0	2286	68	0	0	0	0	0	0	1	0	196	0	0	0	0	0	0	0	0	0	0	0	0	220	0	0	0	0	0	0	0	0	0	0	0	0	0	0	0
107_R2.fasta	107	2	16461	0	0	0	9470	9649	0	2677	0	2280	69	0	0	0	0	0	0	1	0	194	0	0	0	0	0	0	0	0	0	0	0	0	217	0	0	0	0	0	0	0	0	0	0	0	0	0	0	0
108_R1.fasta	108	1	21268	0	0	0	16883	8069	0	2612	0	2631	128	0	0	0	0	0	0	0	0	575	0	0	0	0	0	0	0	0	0	0	0	0	183	0	0	0	0	0	0	0	0	0	0	0	0	0	0	0
108_R2.fasta	108	2	21049	0	0	0	16916	8026	0	3164	0	2621	129	0	0	0	0	0	0	0	0	566	0	0	0	0	0	0	0	0	0	0	0	0	181	0	0	0	0	0	0	0	0	0	0	0	0	0	0	0
109_R1.fasta	109	1	14413	0	0	0	15267	17816	0	3071	0	1572	121	0	0	0	0	0	0	0	0	1509	0	0	0	0	0	0	0	0	0	0	0	0	133	0	0	0	0	0	0	0	0	0	0	0	0	0	0	0
109_R2.fasta	109	2	14260	0	0	0	15255	17674	0	3294	0	1567	123	0	0	0	0	0	0	0	0	1478	0	0	0	0	0	0	0	0	0	0	0	0	135	0	0	0	0	0	0	0	0	0	0	0	0	0	0	0
10_R1.fasta	10	1	12797	6	0	0	25881	2023	0	2806	3	3688	16	4	0	0	0	0	13	1	0	0	0	0	0	0	0	0	0	0	0	1	0	0	0	0	0	0	0	0	0	0	0	0	0	0	0	0	0	0
10_R2.fasta	10	2	12574	6	0	0	26049	2005	0	2809	3	3696	16	4	0	0	0	0	13	1	0	0	0	0	0	0	0	0	0	0	0	1	0	0	0	0	0	0	0	0	0	0	0	0	0	0	0	0	0	0
110_R1.fasta	110	1	19186	0	0	0	11064	10231	11	88	1	5165	115	17	31	0	0	0	0	0	0	1	0	0	0	0	0	0	0	0	0	0	0	0	0	0	0	0	0	0	0	0	0	0	0	0	0	0	0	0
110_R2.fasta	110	2	18869	0	0	0	11065	10038	11	86	1	5169	115	13	28	0	0	0	0	0	0	1	0	0	0	0	0	0	0	0	0	0	0	0	0	0	0	0	0	0	0	0	0	0	0	0	0	0	0	0
111_R1.fasta	111	1	12830	0	0	0	15034	13844	0	22	0	7976	59	6	226	0	0	0	0	0	0	0	0	0	0	0	0	0	0	0	0	0	1	0	0	0	0	0	2	2	0	0	0	0	0	0	0	0	0	0
111_R2.fasta	111	2	12576	0	0	0	15056	13599	0	23	0	7975	56	5	187	0	0	0	0	0	0	0	0	0	0	0	0	0	0	0	0	0	1	0	0	0	0	0	2	2	0	0	0	0	0	0	0	0	0	0
112_R1.fasta	112	1	20984	1	0	0	9781	10625	3	48	1	7597	102	10	118	0	0	0	0	1	0	1	0	1	0	0	0	0	0	0	0	4	0	0	0	0	0	0	0	0	0	0	0	0	0	0	0	0	0	0
112_R2.fasta	112	2	20616	0	0	0	9780	10463	3	46	1	7606	102	10	101	0	0	0	0	1	0	0	0	1	0	0	0	0	0	0	0	4	0	0	0	0	0	0	0	0	0	0	0	0	0	0	0	0	0	0
113_R1.fasta	113	1	14299	0	0	0	21697	315	8	607	208	62	80	95	0	0	0	0	301	31	4	169	7	0	4	10	3	0	0	0	0	83	1444	0	14	0	0	0	1	10	11	0	0	53	43	0	0	0	0	0
113_R2.fasta	113	2	14064	0	0	0	21707	315	8	586	197	64	83	91	0	0	0	0	303	29	4	143	6	0	4	10	0	0	0	0	0	81	1386	0	12	0	0	0	8	9	11	0	0	52	44	0	0	0	0	0
114_R1.fasta	114	1	4	0	0	0	5	6	0	1	0	0	0	2	0	0	0	0	1	0	2	0	0	0	0	0	0	0	0	0	0	1	0	0	0	0	0	0	0	0	0	0	0	0	0	0	0	0	0	0
114_R2.fasta	114	2	2	0	0	0	5	6	0	1	0	0	0	1	0	0	0	0	1	0	2	0	0	0	0	0	0	0	0	0	0	1	0	0	0	0	0	0	0	0	0	0	0	0	0	0	0	0	0	0
115_R1.fasta	115	1	20362	0	0	0	11822	7720	0	2660	0	2120	20	0	0	0	0	0	0	0	0	401	0	0	0	0	0	0	0	0	0	0	0	0	0	0	0	0	0	0	0	0	0	0	0	0	0	0	0	0
115_R2.fasta	115	2	20011	0	0	0	11838	7584	0	2797	0	2124	20	0	0	0	0	0	0	0	0	394	0	0	0	0	0	0	0	0	0	0	0	0	0	0	0	0	0	0	0	0	0	0	0	0	0	0	0	0
116_R1.fasta	116	1	20634	2	0	0	8134	7256	0	1618	1	4190	30	4	0	0	0	0	1	0	0	4935	0	0	0	0	0	0	0	0	0	0	2	0	0	0	0	0	0	0	0	0	0	0	0	0	0	0	0	0
116_R2.fasta	116	2	20386	2	0	0	8145	7179	0	1967	1	4177	29	4	0	0	0	0	1	0	0	4836	0	0	0	0	0	0	0	0	0	0	2	0	0	0	0	0	0	0	0	0	0	0	0	0	0	0	0	0
117_R1.fasta	117	1	35948	4	0	0	17833	218	0	3607	1	1814	32	9	0	0	0	0	2	0	0	267	0	1	0	0	0	0	0	0	0	1	12	0	0	0	0	0	1	0	0	0	0	0	0	0	0	0	0	0
117_R2.fasta	117	2	35568	4	0	0	17850	217	0	3954	1	1820	31	8	0	0	0	0	2	0	0	259	0	1	0	0	0	0	0	0	0	1	4	0	0	0	0	0	1	0	0	0	0	0	0	0	0	0	0	0
118_R1.fasta	118	1	22949	0	0	0	13136	80	0	2024	0	1906	27	0	0	0	0	0	0	0	0	95	0	0	0	0	0	0	0	0	0	0	0	0	0	0	0	0	0	0	0	1	0	0	0	0	0	0	0	0
118_R2.fasta	118	2	22763	0	0	0	13143	80	0	2223	0	1893	27	0	0	0	0	0	0	0	0	93	0	0	0	0	0	0	0	0	0	0	0	0	0	0	0	0	0	0	0	0	0	0	0	0	0	0	0	0
119_R1.fasta	119	1	15678	1	1	0	32910	64	2	685	556	4	82	6	0	0	0	0	77	2	0	33	0	0	0	1	0	0	0	0	0	10	669	0	14	0	0	0	0	0	0	0	0	5	0	0	0	0	0	0
119_R2.fasta	119	2	15539	1	1	0	32920	65	2	607	540	4	83	6	0	0	0	0	79	2	0	31	0	0	0	1	0	0	0	0	0	11	662	0	13	0	0	0	0	0	0	0	0	5	0	0	0	0	0	0
11_R1.fasta	11	1	16956	0	0	0	11476	7189	0	1857	3	2059	9	1	5	0	0	0	7	1	0	412	0	0	0	0	0	0	0	0	0	1	0	0	0	0	0	0	0	0	0	0	0	0	0	0	0	0	0	0
11_R2.fasta	11	2	16801	0	0	0	11488	7123	0	2156	3	2039	8	1	5	0	0	0	6	1	0	399	0	0	0	0	0	0	0	0	0	1	0	0	0	0	0	0	0	0	0	0	0	0	0	0	0	0	0	0
120_R1.fasta	120	1	13290	0	0	0	15708	20449	1	2320	0	1793	25	8	0	0	0	0	0	0	0	843	0	0	21	0	0	0	0	0	0	2	1	0	0	0	0	0	0	1	0	0	0	0	0	0	0	0	0	0
120_R2.fasta	120	2	13125	0	0	0	15689	20157	0	2793	0	1804	24	7	0	0	0	0	0	0	0	828	0	0	21	0	0	0	0	0	0	2	1	0	0	0	0	0	0	1	0	0	0	0	0	0	0	0	0	0
121_R1.fasta	121	1	20260	0	0	0	17790	7386	0	1966	1	2399	13	0	0	0	0	0	0	0	0	303	0	0	0	0	0	0	0	0	0	0	0	0	0	0	0	0	0	0	0	0	0	0	0	0	0	0	0	0
121_R2.fasta	121	2	19982	0	0	0	17778	7280	0	2251	1	2403	13	0	0	0	0	0	0	0	0	298	0	0	0	0	0	0	0	0	0	0	0	0	0	0	0	0	0	0	0	0	0	0	0	0	0	0	0	0
122_R1.fasta	122	1	22017	0	0	0	20493	1311	0	2204	0	3414	34	0	3	0	0	0	0	0	0	263	0	0	0	0	0	0	0	0	0	0	0	0	0	0	0	0	0	0	0	0	0	0	0	0	0	0	0	0
122_R2.fasta	122	2	21781	0	0	0	20209	1304	0	2321	0	3423	39	0	3	0	0	0	0	0	0	260	0	0	0	0	0	0	0	0	0	0	0	0	0	0	0	0	0	0	0	0	0	0	0	0	0	0	0	0
123_R1.fasta	123	1	99	0	0	0	113	7	0	14	1	18	0	8	0	0	0	1	2	1	0	2	0	0	1	1	0	0	0	0	0	4	0	0	0	0	0	0	0	0	0	0	0	0	0	0	0	0	0	0
123_R2.fasta	123	2	97	0	0	0	109	5	0	17	1	18	0	6	0	0	0	1	2	1	0	2	0	0	1	1	0	0	0	0	0	4	0	0	0	0	0	0	0	0	0	0	0	0	0	0	0	0	0	0
124_R1.fasta	124	1	1	0	0	0	3	9	0	2	1	0	1	3	0	0	0	0	5	1	0	41212	0	0	0	0	0	0	0	0	0	0	0	0	0	0	0	0	0	0	0	0	0	0	0	0	0	0	0	0
124_R2.fasta	124	2	1	0	0	0	1	8	0	0	1	0	1	3	0	0	0	0	5	1	0	40621	0	0	0	0	0	0	0	0	0	0	0	0	0	0	0	0	0	0	0	0	0	0	0	0	0	0	0	0
125_R1.fasta	125	1	15	0	0	0	1	0	0	0	1	0	0	0	0	0	0	0	9	0	0	3	0	0	0	0	0	0	0	0	0	0	0	0	0	0	0	0	0	0	0	0	0	0	0	0	0	0	0	0
125_R2.fasta	125	2	16	1	0	0	0	0	0	0	1	0	0	0	0	0	0	0	8	0	0	2	0	0	0	0	0	0	0	0	0	0	0	0	0	0	0	0	0	0	0	0	0	0	0	0	0	0	0	0
126_R1.fasta	126	1	16612	3	0	0	27182	5098	1	2255	0	4113	20	2	0	0	0	0	0	0	1	0	21	0	12	0	4	0	0	0	0	0	192	0	0	0	0	0	1	1	0	0	0	0	0	0	0	0	0	0
126_R2.fasta	126	2	16527	3	0	0	27284	5023	1	2533	1	4116	21	2	0	0	0	0	0	0	1	0	15	0	16	0	4	0	0	0	0	0	186	0	0	0	0	0	1	1	0	0	0	0	0	0	0	0	0	0
127_R1.fasta	127	1	12787	0	0	0	4897	6145	93	1	0	2855	57	4	19	0	0	0	0	0	0	1	23	0	7	0	18	0	0	0	0	2	115	0	0	0	0	0	0	3	1	0	0	0	0	0	0	0	0	0
127_R2.fasta	127	2	12626	0	0	0	4912	6116	86	1	0	2864	56	4	18	0	0	0	0	0	0	1	17	0	7	0	17	0	0	0	0	2	112	0	0	0	0	0	0	3	1	0	0	0	0	0	0	0	0	0
128_R1.fasta	128	1	18414	7	1	0	9165	1130	0	1263	0	1155	37	0	0	0	0	0	0	0	0	135	32	0	18	0	4	1	0	0	0	3	195	0	0	0	0	0	0	2	6	0	0	0	0	0	0	0	0	0
128_R2.fasta	128	2	18232	7	2	0	9264	1131	0	1204	0	1155	43	0	0	0	0	0	0	0	0	134	26	0	18	0	4	1	0	0	0	2	196	0	0	0	0	0	0	2	6	0	0	0	0	0	0	0	0	0
129_R1.fasta	129	1	14626	3	1	0	10527	6834	0	847	3	544	65	2	0	0	0	0	2	1	0	420	42	0	11	0	0	1	0	0	0	2	297	0	0	0	0	0	0	2	3	0	0	0	0	0	0	0	0	0
129_R2.fasta	129	2	14454	3	1	0	10489	6768	0	1125	3	544	64	3	0	0	0	0	2	1	0	414	36	0	12	0	0	1	0	0	0	2	296	0	0	0	0	0	0	2	3	0	0	0	0	0	0	0	0	0
12_R1.fasta	12	1	9018	4	0	0	8648	3087	0	1156	1	1407	12	4	1	0	0	0	5	3	0	570	0	0	0	0	0	0	0	0	0	0	0	0	0	0	0	0	0	0	0	0	0	0	0	0	0	0	0	0
12_R2.fasta	12	2	8932	4	0	0	8649	3054	0	1199	1	1413	12	2	1	0	0	0	5	3	0	566	0	0	0	0	0	0	0	0	0	0	0	0	0	0	0	0	0	0	0	0	0	0	0	0	0	0	0	0
130_R1.fasta	130	1	6054	1	0	0	4047	5332	0	736	5	649	23	3	0	0	0	0	0	1	0	1548	7	0	6	0	5	0	0	0	0	0	93	0	54	0	0	0	0	7	0	0	0	0	0	0	0	0	0	0
130_R2.fasta	130	2	5979	1	0	0	4050	5266	0	835	3	646	26	2	0	0	0	0	0	1	0	1529	6	0	6	0	5	0	0	0	0	0	92	0	52	0	0	0	0	7	0	0	0	0	0	0	0	0	0	0
131_R1.fasta	131	1	11403	2	1	0	21550	152	0	2475	3	1097	6	5	0	0	0	0	5	1	0	3	53	0	13	0	13	2	0	0	0	2	481	0	0	0	0	0	1	6	1	0	0	0	0	0	0	0	0	0
131_R2.fasta	131	2	11286	2	1	0	21600	153	0	2701	3	1100	6	5	0	0	0	0	5	1	0	2	42	0	12	0	13	1	0	0	0	2	474	0	0	0	0	0	1	6	1	0	0	0	0	0	0	0	0	0
132_R1.fasta	132	1	17692	8	0	0	10425	3361	2	1054	0	1688	32	2	3	0	0	0	2	0	0	247	29	0	16	0	3	1	0	0	0	0	234	0	0	1	0	0	0	2	11	0	0	0	0	0	0	0	0	0
132_R2.fasta	132	2	17438	8	0	0	10397	3342	2	1102	1	1695	35	2	3	0	0	0	2	0	0	241	25	0	16	0	3	1	0	0	0	0	226	0	0	1	0	0	0	1	11	0	0	0	0	0	0	0	0	0
133_R1.fasta	133	1	12565	0	0	0	7092	5384	3	35	0	6136	27	15	135	0	0	0	0	0	5	0	22	0	21	0	8	3	0	0	0	2	250	0	0	0	0	0	0	0	0	0	0	0	0	0	0	0	0	0
133_R2.fasta	133	2	12370	0	0	0	7068	5278	3	34	0	6151	26	15	105	0	0	0	0	0	5	0	20	0	19	0	8	3	0	0	0	2	248	0	0	0	0	0	0	0	0	0	0	0	0	0	0	0	0	0
134_R1.fasta	134	1	9554	4	4	0	7854	13863	0	499	0	1682	18	1	0	0	0	0	0	0	0	434	28	0	34	0	11	1	0	0	0	0	384	0	0	0	0	0	2	7	0	0	0	0	0	0	0	0	0	0
134_R2.fasta	134	2	9406	4	4	0	7863	13679	0	659	0	1683	17	1	0	0	0	0	0	0	0	426	23	0	36	0	10	1	0	0	0	0	377	0	0	0	0	0	2	6	0	0	0	0	0	0	0	0	0	0
135_R1.fasta	135	1	10158	7	0	0	8541	17776	0	721	0	1896	10	13	0	0	0	0	3	0	1	405	57	0	31	0	29	3	0	0	0	7	381	0	0	0	0	0	1	7	12	0	0	0	0	0	0	0	0	0
135_R2.fasta	135	2	10035	7	0	0	8562	17546	0	939	0	1894	10	14	0	0	0	0	3	0	0	402	49	0	34	0	28	3	0	0	0	7	377	0	0	0	0	0	1	7	11	0	0	0	0	0	0	0	0	0
136_R1.fasta	136	1	17776	5	1	0	9726	1594	0	861	0	4255	16	30	0	0	0	0	3	1	0	452	93	0	62	0	54	6	0	0	0	9	803	0	0	0	0	0	1	14	20	0	0	0	0	0	0	0	0	0
136_R2.fasta	136	2	17558	5	1	0	9729	1588	0	914	0	4233	17	29	0	0	0	0	3	1	0	450	81	0	64	0	50	5	0	0	0	8	782	0	0	0	0	0	1	11	19	0	0	0	0	0	0	0	0	0
137_R1.fasta	137	1	25645	0	6	0	18530	4972	0	16	0	5183	214	72	269	0	0	0	8	0	0	29	334	0	130	0	124	10	0	0	0	13	2182	0	1	1	0	0	34	78	9	0	0	0	0	0	0	0	0	0
137_R2.fasta	137	2	25310	0	6	0	18587	4906	0	18	0	5188	214	71	207	0	0	0	8	0	0	27	292	0	131	0	119	11	0	0	0	12	2145	0	1	1	0	0	33	68	9	0	0	0	0	0	0	0	0	0
138_R1.fasta	138	1	13120	9	1	0	23972	6357	14	1373	2	3777	136	24	0	0	0	0	7	2	0	10	341	0	132	0	47	24	0	0	0	15	2724	0	0	0	0	0	14	29	57	0	0	0	0	0	0	0	0	0
138_R2.fasta	138	2	13033	9	1	0	24167	6285	15	1732	2	3781	135	22	0	0	0	0	7	2	0	9	294	0	133	0	44	25	0	0	0	15	2698	0	0	0	0	0	14	26	58	0	0	0	0	0	0	0	0	0
139_R1.fasta	139	1	16872	14	4	0	28380	5202	3	2436	0	1884	78	9	0	0	0	0	1	0	0	23	417	0	293	0	32	67	0	0	0	20	4834	0	0	1	0	0	5	2	35	0	0	0	0	0	0	0	0	0
139_R2.fasta	139	2	16748	14	4	0	29031	5157	2	3295	0	1882	78	9	0	0	0	0	1	0	0	21	356	0	301	0	30	71	0	0	0	20	4746	0	0	1	0	0	5	16	33	0	0	0	0	0	0	0	0	0
13_R1.fasta	13	1	13338	0	0	0	14033	25298	0	1749	1	1995	26	2	6	0	0	0	3	2	1	2057	0	0	0	0	0	0	0	0	0	2	0	0	0	0	0	0	0	0	0	0	0	0	0	0	0	0	0	0
13_R2.fasta	13	2	13209	0	0	0	14026	25021	0	2191	1	1994	26	1	6	0	0	0	3	2	1	2028	0	0	0	0	0	0	0	0	0	2	0	0	0	0	0	0	0	0	0	0	0	0	0	0	0	0	0	0
140_R1.fasta	140	1	13672	7	3	0	9994	92	0	1466	0	641	5	2	0	0	0	0	0	0	1	116	85	0	82	0	0	13	0	0	0	7	1064	0	0	0	0	0	25	1	18	0	0	0	0	0	0	0	0	0
140_R2.fasta	140	2	13524	8	1	0	9984	92	0	1426	0	640	5	2	0	0	0	0	0	0	1	117	74	0	85	0	0	12	0	0	0	7	1055	0	0	0	0	0	23	0	17	0	0	0	0	0	0	0	0	0
141_R1.fasta	141	1	17635	10	1	0	11433	269	0	1421	0	647	36	19	0	0	0	0	0	0	0	229	102	0	56	0	6	7	0	0	0	3	1097	0	0	9	0	0	0	3	8	0	0	0	0	0	0	0	0	0
141_R2.fasta	141	2	17471	9	1	0	11443	265	0	1444	0	649	36	18	0	0	0	0	0	0	0	226	89	0	60	0	6	7	0	0	0	3	1077	0	0	9	0	0	0	3	9	0	0	0	0	0	0	0	0	0
142_R1.fasta	142	1	19793	0	4	0	11359	1686	14	1811	0	856	15	22	0	0	0	0	0	0	0	142	279	0	137	0	1	2	0	0	0	9	2255	0	1	14	0	0	12	8	25	0	0	0	0	0	0	0	0	0
142_R2.fasta	142	2	19561	0	4	0	11383	1674	14	1840	0	854	16	22	0	0	0	0	0	0	0	139	239	0	143	0	0	2	0	0	0	9	2219	0	0	14	0	0	12	8	25	0	0	0	0	0	0	0	0	0
143_R1.fasta	143	1	30118	26	0	0	13235	366	0	2047	0	905	22	12	0	0	0	0	0	0	0	108	367	0	174	0	3	23	0	0	0	0	2935	0	0	0	0	0	0	4	25	0	0	0	0	0	0	0	0	0
143_R2.fasta	143	2	29771	26	0	0	13573	362	0	2076	0	908	23	12	0	0	0	0	0	0	0	106	313	0	171	0	3	25	0	0	0	0	2888	0	0	0	0	0	0	4	24	0	0	0	0	0	0	0	0	0
144_R1.fasta	144	1	8338	14	8	0	5205	8346	0	689	0	781	35	30	0	0	0	0	0	0	0	2990	375	0	100	0	84	14	0	0	0	6	3045	0	92	1	0	0	28	73	11	0	0	0	0	0	0	0	0	0
144_R2.fasta	144	2	8240	19	8	0	5196	8309	0	832	0	781	35	30	0	0	0	0	0	0	0	2933	321	0	99	0	83	15	0	0	0	6	3005	0	92	1	0	0	27	72	11	0	0	0	0	0	0	0	0	0
145_R1.fasta	145	1	13812	13	26	0	12419	2812	51	1752	0	1232	154	14	0	0	0	0	2	0	1	68	214	0	108	0	22	6	0	0	0	11	2096	0	0	0	0	0	0	4	7	0	0	0	0	0	0	0	0	0
145_R2.fasta	145	2	13582	14	26	0	12366	2796	48	1769	0	1233	156	13	0	0	0	0	2	0	1	65	193	0	108	0	18	8	0	0	0	11	2065	0	0	0	0	0	0	17	8	0	0	0	0	0	0	0	0	0
146_R1.fasta	146	1	11109	29	18	0	21682	3378	1	2117	0	1005	124	14	0	1	0	0	0	0	0	7	693	0	406	0	70	47	0	0	0	47	6411	0	0	0	8	0	0	73	116	0	0	0	0	0	0	0	0	0
146_R2.fasta	146	2	10884	29	16	0	22531	3336	2	2736	0	1009	125	13	0	1	0	0	0	0	0	5	590	0	415	0	68	42	0	0	0	45	6319	0	0	0	8	0	0	70	115	0	0	0	0	0	0	0	0	0
147_R1.fasta	147	1	16577	16	22	0	12911	736	0	1090	0	6790	92	20	0	0	0	0	0	0	2	100	157	0	135	0	25	18	0	0	0	13	2341	0	0	0	0	0	20	23	18	0	0	0	0	0	0	0	0	0
147_R2.fasta	147	2	16291	15	22	0	12941	734	0	1432	0	6776	92	18	0	0	0	0	0	0	1	99	134	0	134	0	23	19	0	0	0	13	2314	0	0	0	0	0	20	24	18	0	0	0	0	0	0	0	0	0
148_R1.fasta	148	1	16521	2	0	0	14650	10336	1	1681	0	4430	39	47	0	0	0	0	0	0	1	257	152	0	75	0	21	0	0	0	0	0	1112	0	264	0	0	0	2	4	14	0	0	0	0	0	0	0	0	0
148_R2.fasta	148	2	16222	2	0	0	14669	10238	0	1996	0	4413	49	43	0	0	0	0	0	0	1	251	122	0	75	0	20	0	0	0	0	0	1092	0	263	0	0	0	2	3	16	0	0	0	0	0	0	0	0	0
149_R1.fasta	149	1	18153	0	1	0	8559	3266	0	1015	0	1985	12	1	1	0	0	0	2	0	0	4394	63	0	14	0	7	1	0	0	0	0	396	0	0	0	0	0	0	1	10	0	0	0	0	14	0	0	0	0
149_R2.fasta	149	2	17921	0	0	0	8535	3212	0	1224	0	1982	12	1	0	0	0	0	2	0	0	4300	54	0	14	0	5	0	0	0	0	0	384	0	0	0	0	0	0	1	10	0	0	0	0	15	0	0	0	0
14_R1.fasta	14	1	14826	0	0	0	14802	9739	0	2117	0	1693	8	7	3	0	0	0	1	0	0	2098	0	0	1	0	0	0	0	0	0	2	0	0	0	0	0	0	0	0	0	0	0	0	0	0	0	0	0	0
14_R2.fasta	14	2	14687	0	0	0	14780	9641	0	2249	0	1690	9	6	2	0	0	0	1	0	0	2066	0	0	1	0	0	0	0	0	0	2	0	0	0	0	0	0	0	0	0	0	0	0	0	0	0	0	0	0
150_R1.fasta	150	1	10510	31	10	0	14125	692	5	2388	0	1846	3	0	0	4	0	0	0	0	0	8	132	0	45	0	9	17	0	0	0	0	1134	0	0	0	0	0	0	10	26	0	0	0	0	0	0	0	0	0
150_R2.fasta	150	2	10360	31	8	0	14123	675	5	2828	0	1849	3	0	0	4	0	0	0	0	0	8	110	0	43	0	8	17	0	0	0	0	1114	0	0	0	0	0	0	6	23	0	0	0	0	0	0	0	0	0
151_R1.fasta	151	1	14985	48	0	0	7452	6722	16	81	0	5337	56	66	55	0	0	0	2	1	1	9	551	0	299	6	37	16	0	0	0	73	3757	0	0	0	0	0	0	0	26	0	0	0	0	0	1	0	0	0
151_R2.fasta	151	2	14677	48	0	0	7462	6619	17	79	0	5346	55	63	48	0	0	0	2	1	1	10	466	0	299	6	31	14	0	0	0	73	3690	0	0	0	0	0	0	0	26	0	0	0	0	0	0	0	0	0
152_R1.fasta	152	1	19284	23	1	0	9596	11681	0	744	0	2388	6	19	0	0	0	0	0	0	0	1069	115	0	27	0	0	18	0	0	0	19	1299	0	0	0	0	0	0	0	25	0	0	0	0	0	0	0	0	0
152_R2.fasta	152	2	19040	22	0	0	9640	11529	0	1061	0	2380	5	19	0	0	0	0	0	0	0	1053	101	0	28	0	0	19	0	0	0	19	1270	0	0	0	0	0	0	0	24	0	0	0	0	0	0	0	0	0
153_R1.fasta	153	1	18735	38	6	7	14460	1558	0	827	0	2032	55	7	0	0	0	0	0	0	0	277	405	0	164	0	25	6	22	0	0	23	4005	0	0	0	0	0	39	0	24	0	24	0	0	0	0	0	0	0
153_R2.fasta	153	2	18556	36	6	5	14516	1531	0	932	0	2021	55	7	0	0	0	0	0	0	0	272	356	0	166	0	23	7	7	0	0	22	3961	0	0	0	0	0	40	0	26	0	26	0	0	0	0	0	0	0
154_R1.fasta	154	1	17118	6	6	0	11990	979	12	1118	0	810	19	32	0	0	0	0	3	0	0	111	662	0	208	0	16	7	0	0	0	31	5349	0	0	0	0	0	27	0	47	0	0	0	0	0	0	0	0	0
154_R2.fasta	154	2	16873	6	5	0	12048	970	12	1339	0	809	19	32	0	0	0	0	4	0	0	109	569	0	210	0	14	10	0	0	0	30	5284	0	0	0	0	0	27	0	45	0	0	0	0	0	0	0	0	0
155_R1.fasta	155	1	7445	5	0	0	2832	12209	13	8	0	1502	25	53	49	0	0	0	3	0	0	1	153	0	98	0	105	0	0	0	0	19	1518	0	0	0	0	0	0	15	24	0	0	0	0	0	0	0	0	0
155_R2.fasta	155	2	7310	5	0	0	2824	11976	13	8	0	1500	24	53	35	0	0	0	3	0	0	0	132	0	96	0	98	0	0	0	0	19	1499	0	0	0	0	0	0	14	25	0	0	0	0	0	0	0	0	0
156_R1.fasta	156	1	17661	63	0	0	8559	14678	53	0	0	5459	16	0	119	0	0	0	0	0	0	1	242	0	41	0	99	0	0	0	0	24	3114	0	0	0	0	0	0	0	105	0	0	0	0	0	0	0	0	0
156_R2.fasta	156	2	17334	62	0	0	8557	14461	47	0	0	5464	16	0	89	0	0	0	0	0	0	1	201	0	38	0	95	0	0	0	0	24	3069	0	0	0	0	0	0	0	102	0	0	0	0	0	0	0	0	0
157_R1.fasta	157	1	9659	0	14	0	4163	10935	14	2	0	863	50	30	37	0	0	0	0	0	0	2	195	0	127	0	70	9	0	0	0	1	1856	0	0	0	0	0	0	86	19	0	0	0	0	0	0	0	0	0
157_R2.fasta	157	2	9475	0	13	0	4146	10748	12	1	0	868	50	30	26	0	0	0	0	0	0	0	154	0	127	0	66	13	0	0	0	1	1829	0	0	0	0	0	0	84	19	0	0	0	0	0	0	0	0	0
158_R1.fasta	158	1	20598	4	2	0	10822	1192	0	1442	0	1827	6	6	1	0	0	0	0	0	0	383	112	0	59	0	10	4	0	0	0	7	985	0	0	0	0	0	0	3	3	0	0	0	0	0	0	0	0	0
158_R2.fasta	158	2	20407	5	3	0	10809	1187	0	1412	0	1831	6	5	1	0	0	0	0	0	0	372	98	0	59	0	8	5	0	0	0	6	974	0	0	0	0	0	0	3	3	0	0	0	0	0	0	0	0	0
159_R1.fasta	159	1	7569	0	30	0	13944	8210	9	827	0	722	5	38	0	0	0	0	0	0	0	11	324	0	238	0	57	0	0	0	0	70	2304	0	0	0	0	0	0	3	26	0	0	0	0	0	0	0	0	0
159_R2.fasta	159	2	7466	0	31	0	13990	8121	8	1227	0	720	5	38	0	0	0	0	0	0	0	10	293	0	232	0	53	0	0	0	0	70	2271	0	0	0	0	0	0	3	26	0	0	0	0	0	0	0	0	0
15_R1.fasta	15	1	17909	0	0	0	19786	11462	0	2080	0	2333	44	4	7	0	0	0	0	0	1	447	0	0	0	0	0	0	0	0	0	7	1	0	0	0	0	0	0	0	0	0	0	0	0	0	0	0	0	0
15_R2.fasta	15	2	17750	0	0	0	19745	11316	0	2261	0	2342	45	4	3	0	0	0	0	0	1	434	0	0	0	0	0	0	0	0	0	7	1	0	0	0	0	0	0	0	0	0	0	0	0	0	0	0	0	0
160_R1.fasta	160	1	12635	7	18	0	11724	1712	0	990	0	1745	11	0	1	0	0	0	0	0	0	525	40	0	10	0	0	0	0	0	0	0	341	0	0	0	0	0	0	0	0	0	0	0	0	0	0	0	0	0
160_R2.fasta	160	2	12493	7	18	0	11658	1702	0	1010	0	1744	11	0	1	0	0	0	0	0	0	511	32	0	10	0	0	1	0	0	0	0	335	0	0	0	0	0	0	0	0	0	0	0	0	0	0	0	0	0
161_R1.fasta	161	1	11587	36	14	0	7776	3123	0	849	1	1216	0	6	0	0	0	0	2	0	3	427	407	0	277	0	0	39	0	0	0	27	2952	0	0	0	0	0	0	0	6	0	0	0	0	0	0	0	0	0
161_R2.fasta	161	2	11450	35	14	0	7800	3075	0	963	0	1214	0	6	0	0	0	0	1	0	3	419	356	0	280	0	0	40	0	0	0	26	2907	0	0	0	0	0	0	0	6	0	0	0	0	0	0	0	0	0
162_R1.fasta	162	1	15800	192	19	0	5970	5083	21	336	10	598	57	24	0	0	0	0	2	1	0	928	1004	0	555	8	231	45	0	0	0	48	6542	0	0	0	0	0	0	23	106	0	0	0	0	0	0	0	0	0
162_R2.fasta	162	2	15623	188	18	0	5979	5022	20	717	10	597	56	23	0	0	0	0	2	0	0	914	866	0	561	7	208	60	0	0	0	46	6455	0	0	0	0	0	0	17	105	0	0	0	0	0	0	0	0	0
163_R1.fasta	163	1	11812	2	34	0	11235	5456	2	1200	2	641	39	2	0	0	0	0	4	0	1	358	112	0	0	0	0	9	0	0	0	2	472	0	0	0	0	0	0	0	12	0	0	0	0	0	0	0	0	0
163_R2.fasta	163	2	11651	1	33	0	11195	5373	2	1313	2	642	42	2	0	0	0	0	4	0	2	351	100	0	0	0	0	9	0	0	0	2	461	0	0	0	0	0	0	1	12	0	0	0	0	0	0	0	0	0
164_R1.fasta	164	1	8988	0	1	0	6194	6531	2	751	0	856	36	26	0	0	0	0	0	0	0	1022	142	0	139	0	49	0	0	0	0	11	1250	0	54	0	0	0	0	68	15	0	0	0	0	0	0	0	0	0
164_R2.fasta	164	2	8825	0	0	0	6192	6426	0	956	0	857	48	25	0	0	0	0	0	0	0	997	112	0	136	0	48	0	0	0	0	11	1220	0	52	0	0	0	0	68	14	0	0	0	0	0	0	0	0	0
165_R1.fasta	165	1	5542	0	0	0	3745	3112	30	325	0	620	3	0	0	0	0	0	0	0	4	272	110	0	86	0	15	0	0	0	0	1	1225	0	31	0	0	0	0	0	0	0	0	0	0	0	0	0	0	0
165_R2.fasta	165	2	5457	0	0	0	3767	3093	26	460	0	620	3	0	0	0	0	0	0	0	4	266	95	0	87	0	15	0	0	0	0	1	1195	0	31	0	0	0	0	0	0	0	0	0	0	0	0	0	0	0
166_R1.fasta	166	1	3710	83	9	0	9886	2988	12	534	0	834	6	0	0	0	0	0	0	0	0	1	500	0	196	0	0	0	0	0	0	13	2820	0	0	0	0	0	0	0	0	0	0	0	0	0	0	0	0	0
166_R2.fasta	166	2	3639	82	7	0	9915	2945	11	635	0	831	6	0	0	0	0	0	0	0	0	0	415	0	194	0	0	0	0	0	0	13	2766	0	0	0	0	0	0	0	0	0	0	0	0	0	0	0	0	0
167_R1.fasta	167	1	9916	0	2	23	4392	2638	0	643	0	1237	0	59	0	0	0	0	7	0	0	432	336	0	71	0	21	3	0	0	0	0	2015	0	61	0	0	0	2	3	14	0	0	0	0	0	0	0	0	0
167_R2.fasta	167	2	9777	0	0	25	4375	2604	0	669	0	1234	0	57	0	0	0	0	6	0	0	421	275	0	71	0	19	9	0	0	0	0	1985	0	63	0	0	0	2	3	31	0	0	0	0	0	0	0	0	0
168_R1.fasta	168	1	16227	2	0	0	10690	596	0	1748	0	1504	0	2	0	0	0	0	10	0	0	1117	155	0	122	0	0	0	0	0	0	5	1921	0	0	0	0	0	23	3	0	0	0	0	0	0	0	0	0	0
168_R2.fasta	168	2	16111	2	0	0	10696	593	0	1849	0	1509	0	2	0	0	0	0	10	0	0	1099	124	0	124	0	0	0	0	0	0	5	1900	0	0	0	0	0	21	3	0	0	0	0	0	0	0	0	0	0
169_R1.fasta	169	1	25334	2	1	0	15615	590	0	1884	1	1774	9	1	0	0	0	0	1	1	2	519	204	0	108	0	0	0	0	0	0	2	1762	0	0	0	0	0	0	0	51	0	2	0	0	0	0	0	0	0
169_R2.fasta	169	2	25135	2	0	0	15586	582	0	1855	1	1782	9	0	0	0	0	0	1	0	2	513	177	0	113	0	0	0	0	0	0	1	1742	0	0	0	0	0	0	0	51	0	1	0	0	0	0	0	0	0
16_R1.fasta	16	1	13906	0	0	0	8918	2874	0	1505	0	2529	42	0	0	0	0	0	0	0	0	150	0	0	0	0	0	0	0	0	0	0	1	0	0	0	0	0	0	0	0	0	0	0	0	0	0	0	0	0
16_R2.fasta	16	2	13734	0	0	0	8989	2841	0	1366	0	2527	43	0	0	0	0	0	0	0	0	147	0	0	0	0	0	0	0	0	0	0	1	0	0	0	0	0	0	0	0	0	0	0	0	0	0	0	0	0
170_R1.fasta	170	1	17184	0	41	0	10103	2798	0	1040	0	1527	0	5	0	0	0	0	1	0	0	663	296	0	121	0	0	0	0	0	0	1	1724	0	1	0	0	0	0	0	0	0	0	0	0	0	0	0	0	0
170_R2.fasta	170	2	16944	0	37	0	10053	2788	0	1060	0	1525	0	3	0	0	0	0	1	0	0	650	244	0	124	0	0	0	0	0	0	1	1701	0	0	0	0	0	0	2	0	0	0	0	0	0	0	0	0	0
171_R1.fasta	171	1	1737	7	0	0	1666	2917	24	274	0	73	11	33	0	0	0	0	0	0	7	338	171	0	74	0	26	0	0	0	0	4	1274	0	0	0	0	0	0	0	22	0	0	0	0	0	0	0	0	0
171_R2.fasta	171	2	1696	7	0	0	1644	2876	22	268	0	74	10	31	0	0	0	0	0	0	6	325	137	0	82	0	25	0	0	0	0	4	1251	0	0	0	0	0	0	0	22	0	0	0	0	0	0	0	0	0
172_R1.fasta	172	1	11745	0	0	0	11158	2302	8	1024	0	639	28	0	0	0	0	0	0	0	0	127	49	0	69	0	0	0	0	0	0	40	1026	0	0	2	0	0	19	0	0	0	0	0	0	0	0	0	0	0
172_R2.fasta	172	2	11574	0	0	0	11029	2284	7	1108	0	638	26	0	0	0	0	0	0	0	0	118	37	0	72	0	0	0	0	0	0	39	1009	0	0	0	0	0	19	0	0	0	0	0	0	0	0	0	0	0
173_R1.fasta	173	1	12829	58	30	0	9531	1026	0	666	0	1132	2	48	0	0	0	0	0	0	0	99	806	0	371	0	55	41	0	0	0	23	5102	0	0	0	0	0	7	12	28	0	0	0	0	0	0	0	0	0
173_R2.fasta	173	2	12647	57	28	0	9414	1017	0	676	0	1130	2	48	0	0	0	0	0	0	0	95	688	0	371	0	49	43	0	0	0	23	5029	0	0	0	0	0	3	7	29	0	0	0	0	0	0	0	0	0
174_R1.fasta	174	1	2184	15	20	0	6367	1698	0	644	0	360	1	25	0	0	0	0	0	0	0	2	267	0	177	0	0	3	0	0	0	18	2996	0	0	0	0	0	11	0	57	0	0	0	0	0	0	0	0	0
174_R2.fasta	174	2	2173	15	14	0	6358	1687	0	653	0	359	1	25	0	0	0	0	0	0	0	1	227	0	177	0	0	10	0	0	0	18	2975	0	0	0	0	0	10	0	56	0	0	0	0	0	0	0	0	0
175_R1.fasta	175	1	13737	0	0	0	12028	6824	0	1901	0	1451	27	0	0	0	0	0	0	0	0	729	15	0	2	0	0	0	0	0	0	33	397	0	0	0	0	0	0	0	0	0	0	0	0	0	0	0	0	0
175_R2.fasta	175	2	13602	0	0	0	12014	6793	0	1774	0	1449	27	0	0	0	0	0	0	0	0	714	13	0	2	0	0	0	0	0	0	31	391	0	0	0	0	0	0	0	0	0	0	0	0	0	0	0	0	0
176_R1.fasta	176	1	8757	0	0	0	6304	4003	0	393	0	2546	0	0	0	0	0	0	0	0	0	488	54	0	1	0	0	0	0	0	0	0	392	0	0	0	0	0	0	0	0	0	0	0	0	0	0	0	0	0
176_R2.fasta	176	2	8671	0	0	0	6282	3973	0	421	0	2546	0	0	0	0	0	0	0	0	0	479	42	0	0	0	0	0	0	0	0	0	388	0	0	0	0	0	0	0	0	0	0	0	0	0	0	0	0	0
177_R1.fasta	177	1	6198	0	0	0	15552	3180	0	829	0	1393	65	3	0	0	0	0	0	0	1	47	225	0	61	0	35	0	0	4	0	0	1317	0	1	0	0	0	30	0	9	0	0	0	0	0	0	0	0	0
177_R2.fasta	177	2	6138	0	0	0	15631	3137	0	866	0	1395	64	3	0	0	0	0	0	0	1	39	198	0	63	0	33	0	0	1	0	0	1306	0	0	0	0	0	30	1	10	0	0	0	0	0	0	0	0	1
178_R1.fasta	178	1	9785	12	0	0	6436	15200	0	605	4	455	47	2	0	0	0	0	3	0	0	1371	95	0	196	0	0	0	0	0	0	0	843	0	0	0	0	0	0	0	0	0	0	0	0	0	0	0	0	0
178_R2.fasta	178	2	9665	12	0	0	6416	14970	0	716	3	455	46	2	0	0	0	0	3	0	0	1347	79	0	201	0	0	0	0	0	0	0	821	0	0	0	0	0	0	0	0	0	0	0	0	0	0	0	0	0
179_R1.fasta	179	1	3816	0	0	0	2970	1228	2	77	124	3	0	16	0	0	0	0	1	0	12	27	45	0	0	0	0	0	0	0	0	0	544	0	247	0	0	0	0	0	0	0	0	0	0	0	0	3	0	0
179_R2.fasta	179	2	3757	0	0	0	2887	1198	1	31	122	2	0	14	0	0	0	0	1	0	12	2	37	0	0	0	0	0	0	0	0	0	537	0	246	0	0	0	0	0	0	0	0	0	0	0	0	3	0	0
17_R1.fasta	17	1	12	0	0	0	8	3	0	2	2	2	0	3	0	0	0	1	9	0	0	0	0	0	0	0	1	0	0	0	0	0	0	0	0	0	0	0	0	0	0	0	0	0	0	0	0	0	0	0
17_R2.fasta	17	2	13	0	0	0	8	3	0	2	2	2	0	3	0	0	0	1	9	0	0	0	0	0	0	0	1	0	0	0	0	0	0	0	0	0	0	0	0	0	0	0	0	0	0	0	0	0	0	0
180_R1.fasta	180	1	16786	10	4	0	28555	375	0	2650	6	2764	7	3	1	0	0	0	8	2	0	1	106	0	74	0	4	3	0	0	0	3	883	0	0	1	1	0	0	3	6	0	0	0	0	0	0	0	0	0
180_R2.fasta	180	2	16442	10	4	0	28574	368	0	3168	6	2754	6	3	1	0	0	0	8	1	0	1	80	0	73	0	2	3	0	0	0	2	826	0	0	1	1	0	0	3	6	0	0	0	0	0	0	0	0	0
181_R1.fasta	181	1	1	0	0	0	1	6	0	0	0	0	0	1	0	0	0	0	0	0	2	0	0	0	0	0	0	0	0	0	0	1	0	1	0	0	0	0	0	0	0	0	0	0	0	0	0	0	0	0
181_R2.fasta	181	2	1	0	0	0	1	7	0	0	0	0	0	1	0	0	0	0	0	0	1	0	0	0	0	0	0	0	0	0	0	1	0	1	0	0	0	0	0	0	0	0	0	0	0	0	0	0	0	0
182_R1.fasta	182	1	4	0	0	0	1	1	0	0	0	0	0	0	0	0	0	0	0	0	0	3	0	0	0	0	0	0	0	0	0	0	0	0	0	0	0	0	0	0	0	0	0	0	0	0	0	0	0	0
182_R2.fasta	182	2	3	0	0	0	1	1	0	0	0	0	0	0	0	0	0	0	0	0	0	2	0	0	0	0	0	0	0	0	0	0	0	0	0	0	0	0	0	0	0	0	0	0	0	0	0	0	0	0
183_R1.fasta	183	1	11137	0	0	0	9405	8932	0	1168	0	2686	9	0	0	0	0	0	0	0	0	405	4	0	0	0	0	0	0	0	0	0	27	0	0	0	0	0	0	1	1	0	0	0	0	0	0	0	0	0
183_R2.fasta	183	2	10958	0	0	0	9446	8864	0	1407	0	2646	8	0	0	0	0	0	0	0	0	392	3	0	0	0	0	0	0	0	0	0	22	0	0	0	0	0	0	0	1	0	0	0	0	0	0	0	0	0
184_R1.fasta	184	1	12318	0	0	0	7740	33327	0	1440	0	3870	25	1	0	0	0	0	0	0	0	2000	20	0	9	0	0	0	0	0	0	1	132	0	119	0	0	0	0	1	1	0	0	0	0	0	0	0	0	0
184_R2.fasta	184	2	12052	0	0	0	7693	33305	0	1547	0	3774	23	1	0	0	0	0	0	0	0	1929	18	0	8	0	0	0	0	0	0	1	122	0	118	0	0	0	0	1	1	0	0	0	0	0	0	0	0	0
185_R1.fasta	185	1	6894	0	0	0	8446	24948	1	415	0	655	16	0	0	0	0	0	0	0	0	396	18	0	2	0	1	0	0	0	0	0	73	0	0	0	0	0	0	0	1	0	0	0	0	0	0	0	0	0
185_R2.fasta	185	2	6754	0	0	0	8456	24795	1	530	0	652	16	0	0	0	0	0	0	0	0	391	12	0	2	0	1	0	0	0	0	0	70	0	0	0	0	0	0	0	1	0	0	0	0	0	0	0	0	0
186_R1.fasta	186	1	26849	1	0	0	15953	3065	0	2435	0	10100	105	7	0	0	0	0	4	0	0	263	16	0	6	0	1	0	0	0	0	0	130	0	0	0	0	0	0	2	1	0	0	0	0	0	0	0	0	0
186_R2.fasta	186	2	26437	1	0	0	15982	3016	0	2608	0	10166	108	7	0	0	0	0	3	0	0	260	14	0	7	0	1	0	0	0	0	0	125	0	0	0	0	0	0	2	2	0	0	0	0	0	0	0	0	0
187_R1.fasta	187	1	23027	0	0	0	44235	3262	0	6331	1	5489	10	2	0	0	0	0	4	0	1	1	2	0	2	0	1	0	0	0	0	0	33	0	0	0	0	0	0	0	0	0	0	0	0	0	0	0	0	0
187_R2.fasta	187	2	22578	0	0	0	44351	3137	0	6689	1	5483	12	0	0	0	0	0	4	0	1	1	1	0	2	0	1	0	0	0	0	0	32	0	0	0	0	0	0	0	0	0	0	0	0	0	0	0	0	1
188_R1.fasta	188	1	22992	7	2	1	35268	12134	2	2311	2	10574	188	9	0	0	0	0	2	1	0	5	103	0	77	0	7	5	0	0	0	5	1087	0	0	0	0	0	2	4	12	0	0	0	0	0	0	0	0	0
188_R2.fasta	188	2	22639	6	3	1	35451	11903	2	2870	2	10626	184	9	0	0	0	0	2	1	0	6	78	0	69	0	7	5	0	0	0	4	1035	0	0	0	0	0	2	3	12	0	0	0	0	0	0	0	0	0
189_R1.fasta	189	1	30766	1	3	0	12995	17847	0	25	3	23190	146	1	88	0	0	0	6	3	0	1	5	0	5	0	0	1	0	0	0	2	80	0	0	0	0	0	0	2	0	0	0	0	0	0	0	0	0	0
189_R2.fasta	189	2	30073	1	2	0	13057	17413	0	24	3	23186	141	1	62	0	0	0	6	1	0	0	5	0	6	0	0	0	0	0	0	2	77	0	0	0	0	0	0	1	0	0	0	0	0	0	0	0	0	0
18_R1.fasta	18	1	5357	0	3	0	9713	272	5	374	123	121	20	12	0	0	1	0	77	9	0	40	7	0	6	3	0	0	0	0	3	45	106	0	19	0	0	0	0	5	3	0	0	1	0	0	0	0	0	0
18_R2.fasta	18	2	5261	0	2	0	9685	251	2	336	124	120	16	11	0	0	2	0	63	9	0	34	5	0	4	2	0	0	0	0	0	42	82	0	18	0	0	0	3	4	1	0	0	1	0	0	0	0	0	0
190_R1.fasta	190	1	17586	3	1	0	21643	7166	0	2002	1	59	307	3	0	0	0	0	0	0	3	552	35	0	19	0	1	2	0	0	0	2	369	0	0	0	0	0	1	1	2	0	1	0	0	0	0	0	0	0
190_R2.fasta	190	2	17243	3	1	0	21365	6918	0	2887	1	54	323	3	0	0	0	0	0	0	3	530	27	0	19	0	1	3	0	0	0	2	347	0	0	0	0	0	3	0	2	0	1	0	0	0	0	0	0	0
191_R1.fasta	191	1	7613	2	3	0	4712	26039	0	3112	0	2200	43	2	0	0	0	0	0	0	0	341	6	0	8	0	0	0	0	0	0	0	55	0	39	0	0	0	1	0	0	0	0	0	0	0	0	0	0	0
191_R2.fasta	191	2	7473	2	3	0	4759	25935	0	3501	0	2169	47	1	0	0	0	0	0	0	0	333	5	0	8	0	0	0	0	0	0	0	47	0	39	0	0	0	1	0	0	0	0	0	0	0	0	0	0	0
192_R1.fasta	192	1	3999	8	1	0	6798	18470	11	1575	0	799	77	10	0	0	0	0	3	1	0	17	29	0	29	0	1	1	0	0	0	1	266	0	2	1	0	0	6	1	0	0	0	0	0	0	0	0	0	0
192_R2.fasta	192	2	3929	8	1	0	6838	18413	10	2126	0	792	81	8	0	0	0	0	3	1	0	15	25	0	30	0	1	2	0	0	0	2	263	0	2	1	0	0	5	1	0	0	0	0	0	0	0	0	0	0
193_R1.fasta	193	1	14348	6	4	0	37751	1606	0	6275	2	662	679	1	0	0	0	0	9	0	0	457	77	0	79	0	3	5	0	0	0	4	828	0	0	0	0	0	13	4	10	0	0	0	0	0	0	0	0	0
193_R2.fasta	193	2	14134	7	4	0	37781	1610	0	9333	2	669	665	1	0	0	0	0	9	0	1	434	69	0	75	0	3	5	0	0	0	4	806	0	0	0	0	0	10	4	10	0	0	0	0	0	0	0	0	0
194_R1.fasta	194	1	8566	2	0	0	49260	9589	0	32195	4	496	134	1	0	0	0	1	5	1	0	0	10	0	8	0	0	1	0	0	0	3	99	0	0	0	0	1	0	0	4	0	0	0	1	0	0	0	0	0
194_R2.fasta	194	2	8417	2	0	0	49558	9320	0	33148	3	488	137	1	0	0	0	1	5	1	0	0	8	0	7	0	0	2	0	0	0	2	98	0	0	0	0	0	0	0	4	0	0	0	1	0	0	0	0	0
195_R1.fasta	195	1	17028	3	0	0	16497	25986	0	1445	1	781	59	3	0	0	0	0	4	1	0	308	2	0	1	1	0	0	0	0	0	2	14	0	0	0	0	0	0	0	0	0	0	0	0	0	0	0	0	0
195_R2.fasta	195	2	16714	3	0	0	16941	25643	0	2269	1	789	57	3	0	0	0	0	5	1	0	307	2	0	1	1	0	0	0	0	0	2	15	0	0	0	0	0	0	0	0	0	0	0	0	0	0	0	0	0
196_R1.fasta	196	1	21949	5	2	0	8823	25847	0	22	1	1158	1127	3	373	0	0	0	0	0	6	0	56	0	50	0	3	2	0	0	0	4	567	0	0	0	0	0	12	6	8	0	0	0	0	0	0	0	0	0
196_R2.fasta	196	2	21706	4	2	0	8937	25188	1	23	1	1130	1086	3	245	0	0	0	0	0	5	0	40	0	48	0	2	2	0	0	0	3	510	0	0	0	0	0	9	5	9	0	0	0	0	0	0	0	0	0
197_R1.fasta	197	1	27739	16	3	0	3465	29239	6	993	0	13215	162	15	0	0	0	0	0	0	8	2651	173	0	126	0	9	13	0	0	0	8	1378	0	55	0	0	0	2	2	20	0	0	0	0	0	0	0	0	0
197_R2.fasta	197	2	27255	14	3	0	3450	29169	6	1022	0	13209	160	15	0	0	0	0	0	0	7	2597	135	0	123	0	7	15	0	0	0	10	1340	0	50	0	0	0	2	2	19	0	0	0	0	0	0	0	0	0
198_R1.fasta	198	1	16975	0	1	0	9386	1679	2	1496	0	9928	132	8	5	0	0	0	0	0	1	906	43	0	32	0	2	1	0	0	0	0	487	0	0	0	0	0	3	3	4	0	4	0	0	0	0	0	0	0
198_R2.fasta	198	2	16754	0	1	0	9388	1675	2	1503	0	9929	135	7	3	0	0	0	0	0	1	887	35	0	28	0	1	0	0	0	0	1	476	0	0	0	0	0	3	2	5	0	4	0	0	0	0	0	0	0
199_R1.fasta	199	1	47463	4	1	0	7581	304	6	2090	4	10544	39	23	0	0	0	0	0	0	2	91	55	0	36	0	1	2	0	0	0	1	567	0	0	0	0	0	1	5	13	0	0	0	0	0	0	0	0	0
199_R2.fasta	199	2	47058	4	1	0	7795	303	6	2048	3	10582	40	22	0	0	0	0	0	0	1	85	48	0	37	0	1	2	0	0	0	1	552	0	0	0	0	0	1	6	13	0	0	0	0	1	0	0	0	0
19_R1.fasta	19	1	21487	0	0	0	10373	3966	0	1380	0	4318	27	0	0	0	0	0	0	0	0	126	0	0	0	0	0	0	0	0	0	0	0	0	167	0	0	0	0	0	0	0	0	0	0	0	0	0	0	0
19_R2.fasta	19	2	21296	0	0	0	10422	3972	0	1431	0	4310	31	0	0	0	0	0	0	0	0	124	0	0	0	0	0	0	0	0	0	0	0	0	164	0	0	0	0	0	0	0	0	0	0	0	0	0	0	1
1_R1.fasta	1	1	28120	0	0	0	14901	11888	0	4073	0	3140	134	0	0	0	0	0	0	0	0	658	0	0	0	0	0	0	0	0	0	0	0	0	357	0	0	0	0	0	0	0	0	0	0	0	0	0	0	0
1_R2.fasta	1	2	27866	0	0	0	14960	11814	0	4333	0	3130	126	0	0	0	0	0	0	0	0	644	0	0	0	0	0	0	0	0	0	0	0	0	351	0	0	0	0	0	0	0	0	0	0	0	0	0	0	0
200_R1.fasta	200	1	9272	2	7	0	2830	59277	0	83	0	4159	21	7	0	0	0	0	0	0	0	1109	84	0	61	0	3	1	0	0	0	1	847	0	0	0	0	0	2	6	7	0	0	0	0	0	0	0	0	0
200_R2.fasta	200	2	9137	3	7	0	2772	59040	0	92	0	4102	20	3	0	0	0	0	0	0	0	1091	68	0	60	0	3	0	0	0	0	2	813	0	0	0	0	0	2	0	7	0	0	0	0	0	0	0	0	0
201_R1.fasta	201	1	24691	13	3	0	24574	639	2	434	0	20887	55	8	0	0	0	0	0	0	0	2	134	0	88	1	7	4	0	0	0	6	1190	0	0	0	0	0	6	10	13	0	0	0	0	0	0	1	0	0
201_R2.fasta	201	2	24404	13	4	0	24845	641	2	428	0	20889	51	8	0	0	0	0	0	0	0	1	119	0	87	1	4	5	0	0	0	6	1147	0	0	0	0	0	5	4	11	0	0	0	0	0	0	1	0	0
202_R1.fasta	202	1	40353	0	8	0	38716	923	7	897	2	9600	4	19	0	0	0	0	0	0	0	6	59	0	42	0	0	1	0	0	0	0	476	0	0	0	0	0	0	2	14	0	0	0	0	0	0	0	0	0
202_R2.fasta	202	2	39677	0	8	0	38884	902	7	892	2	9649	4	19	0	0	0	0	0	0	0	4	50	0	41	0	0	0	0	0	0	0	465	0	0	0	0	0	0	2	14	0	0	0	0	0	0	0	0	0
203_R1.fasta	203	1	29344	5	5	0	2458	3427	3	3	1	33677	26	26	6	0	0	0	0	0	0	6	75	0	64	0	2	5	0	0	0	8	872	0	0	3	0	0	1	5	12	0	0	0	0	0	0	0	0	0
203_R2.fasta	203	2	29038	5	5	0	2456	3354	2	3	1	33742	28	25	4	0	0	0	0	0	0	2	68	0	63	0	2	5	0	0	0	8	853	0	0	3	0	0	1	6	12	0	0	0	0	0	0	0	0	0
204_R1.fasta	204	1	21	0	0	0	3	1	0	0	0	4	1	0	0	0	0	0	4	0	1	80621	0	0	0	0	0	0	0	0	0	0	0	0	0	0	0	0	0	0	0	0	0	0	0	0	0	0	0	0
204_R2.fasta	204	2	27	0	0	0	4	1	0	0	0	3	0	0	0	0	0	0	4	0	1	79674	0	0	0	0	0	0	0	0	0	0	0	0	0	0	0	0	0	0	0	0	0	0	0	0	0	0	0	0
205_R1.fasta	205	1	8	0	0	0	9	13	0	0	1	3	0	2	0	0	0	0	1	2	1	15	0	0	0	0	0	0	0	0	0	1	0	0	0	0	0	0	0	0	0	0	0	0	0	0	0	0	0	0
205_R2.fasta	205	2	7	0	0	0	4	15	0	0	1	0	0	1	0	0	0	0	1	1	1	0	0	0	0	0	0	0	0	0	0	1	0	0	0	0	0	0	0	0	0	0	0	0	0	0	0	0	0	0
20_R1.fasta	20	1	14908	0	0	0	11068	3599	0	1452	0	2325	30	0	0	0	0	0	0	0	0	108	0	0	0	0	0	0	0	0	0	0	0	0	131	0	0	0	0	0	0	0	0	0	0	0	0	0	0	0
20_R2.fasta	20	2	14772	0	0	0	11069	3564	0	1532	0	2319	33	0	0	0	0	0	0	0	0	108	0	0	0	0	0	0	0	0	0	0	0	0	132	0	0	0	0	0	0	0	0	0	0	0	0	0	0	0
21_R1.fasta	21	1	11978	0	0	0	8194	1986	2	15	2	2926	118	1	59	0	0	0	6	0	3	0	0	0	0	0	0	0	0	0	0	5	0	0	0	0	0	0	0	0	0	0	0	0	0	0	0	0	0	0
21_R2.fasta	21	2	11802	0	0	0	8203	1940	2	15	2	2919	117	1	48	0	0	0	6	0	3	0	0	0	0	0	0	0	0	0	0	5	0	0	0	0	0	0	0	0	0	0	0	0	0	0	0	0	0	0
22_R1.fasta	22	1	9850	0	0	0	10544	8479	0	967	0	805	17	2	0	0	0	0	0	0	1	289	0	0	0	0	0	0	0	0	0	0	0	0	0	0	0	0	1	1	0	0	0	0	0	0	0	0	0	0
22_R2.fasta	22	2	9704	0	0	0	10523	8361	0	1194	0	801	18	1	0	0	0	0	0	0	1	281	0	0	0	0	0	0	0	0	0	0	0	0	0	0	0	0	1	1	0	0	0	0	0	0	0	0	0	0
23_R1.fasta	23	1	14722	0	0	0	6380	6644	0	923	4	1117	60	5	0	0	0	0	9	1	0	373	0	0	0	0	0	0	0	0	0	3	0	0	0	0	0	0	0	0	0	0	0	0	0	0	0	0	0	0
23_R2.fasta	23	2	14562	0	0	0	6758	6516	0	1266	4	1111	60	5	0	0	0	0	9	1	0	366	0	0	0	0	0	0	0	0	0	2	0	0	0	0	0	0	0	0	0	0	0	0	0	0	0	0	0	1
24_R1.fasta	24	1	13008	0	0	0	8078	999	0	896	1	1977	48	9	0	0	0	0	0	0	1	84	0	0	1	0	1	0	0	0	0	0	0	0	0	0	0	0	0	0	0	0	0	0	0	0	0	0	0	0
24_R2.fasta	24	2	12809	0	0	0	8114	975	0	972	1	1972	44	8	0	0	0	0	0	0	1	80	0	0	1	0	1	0	0	0	0	0	1	0	0	0	0	0	0	0	0	0	0	0	0	0	0	0	0	0
25_R1.fasta	25	1	10841	0	0	0	7713	478	1	678	0	1055	36	1	0	0	0	0	0	0	0	95	0	0	0	0	0	0	0	0	0	2	0	0	0	0	0	0	0	0	0	0	0	0	0	0	0	0	0	0
25_R2.fasta	25	2	10704	0	0	0	7730	470	1	766	0	1055	36	1	0	0	0	0	0	0	0	92	0	0	0	0	0	0	0	0	0	1	0	0	0	0	0	0	0	0	0	0	0	0	0	0	0	0	0	0
26_R1.fasta	26	1	9544	0	0	0	9169	91	0	2360	0	1616	0	0	0	0	0	0	0	0	0	0	0	0	0	0	0	0	0	0	0	0	0	0	0	0	0	0	0	0	0	0	0	0	0	0	0	0	0	0
26_R2.fasta	26	2	9414	0	0	0	9157	95	0	2218	0	1611	0	0	0	0	0	0	0	0	0	0	0	0	0	0	0	0	0	0	0	0	0	0	0	0	0	0	0	0	0	0	0	0	0	0	0	0	0	0
27_R1.fasta	27	1	8796	0	0	0	12320	4760	99	1199	502	170	27	23	0	0	0	0	5503	339	0	402	2	0	0	3	0	0	0	0	0	44	108	0	19	0	0	0	0	2	1	0	0	5	1	0	0	1	0	0
27_R2.fasta	27	2	8752	0	0	0	12361	4750	98	1179	487	169	26	23	0	0	0	0	5569	324	0	386	1	0	0	3	0	0	0	0	0	44	105	0	18	0	0	0	0	2	1	0	0	5	1	0	0	2	0	0
28_R1.fasta	28	1	975	0	0	0	623	11183	0	273	1	59	2	1	0	0	0	0	0	0	0	239	0	0	0	0	0	0	0	0	0	0	0	0	0	0	0	0	0	0	0	0	0	0	0	0	0	0	0	0
28_R2.fasta	28	2	959	0	0	0	623	11080	0	292	0	60	2	1	0	0	0	0	0	0	0	233	0	0	0	0	0	0	0	0	0	0	0	0	0	0	0	0	0	0	0	0	0	0	0	0	0	0	0	0
29_R1.fasta	29	1	13500	7	0	0	10513	1896	1	1698	47	621	24	15	0	0	0	8	137	9	0	450	0	0	0	0	0	0	0	0	0	6	0	0	0	0	0	0	0	0	0	0	0	0	9	0	0	0	0	0
29_R2.fasta	29	2	13362	8	0	0	10506	1856	1	1914	47	614	25	13	0	0	0	8	135	7	0	449	0	0	0	0	0	0	0	0	0	6	0	0	0	0	0	0	0	0	0	0	0	0	9	0	0	0	0	0
2_R1.fasta	2	1	14386	0	0	0	20632	13482	0	2004	0	2	0	1	0	0	0	0	0	0	0	843	0	0	0	0	0	0	0	0	0	0	0	0	0	0	0	0	0	0	0	0	0	0	0	0	0	0	0	0
2_R2.fasta	2	2	14225	0	0	0	20974	13352	0	1901	0	1	0	1	0	0	0	0	0	0	0	836	0	0	0	0	0	0	0	0	0	0	0	0	0	0	0	0	0	0	0	0	0	0	0	0	0	0	0	0
30_R1.fasta	30	1	14827	1	0	0	8709	66	0	1317	0	747	21	0	0	0	0	0	0	0	1	56	0	0	0	0	0	0	0	0	0	6	1	0	0	0	0	0	0	0	0	0	0	0	0	0	0	0	0	0
30_R2.fasta	30	2	14674	1	0	0	8705	66	0	1360	0	752	21	0	0	0	0	0	0	0	1	57	0	0	0	0	0	0	0	0	0	5	0	0	0	0	0	0	0	0	0	0	0	0	0	0	0	0	0	0
31_R1.fasta	31	1	15067	0	0	0	10875	566	0	1934	0	2037	25	0	1	0	0	0	2	0	0	765	0	0	0	0	0	0	0	0	0	1	0	0	0	0	0	0	0	0	0	0	0	0	0	0	0	0	0	0
31_R2.fasta	31	2	14941	0	0	0	10883	565	0	2100	0	2038	22	0	1	0	0	0	0	0	0	751	0	0	0	0	0	0	0	0	0	1	0	0	0	0	0	0	0	0	0	0	0	0	0	0	0	0	0	0
32_R1.fasta	32	1	10129	0	0	0	6499	31	0	1407	1	1084	6	4	0	0	0	0	1	0	0	92	0	0	0	0	0	0	0	0	0	4	1	0	0	0	0	0	0	0	0	0	0	0	0	0	0	0	0	0
32_R2.fasta	32	2	10007	0	0	0	6603	27	0	1440	1	1091	6	3	0	0	0	0	1	0	0	88	0	0	0	0	0	0	0	0	0	4	1	0	0	0	0	0	0	0	0	0	0	0	0	0	0	0	0	0
33_R1.fasta	33	1	5513	0	0	0	7808	7780	0	637	0	651	50	0	0	0	0	0	0	0	0	473	0	0	0	0	0	0	0	0	0	0	0	0	0	0	0	0	0	0	0	0	0	0	0	0	0	0	0	0
33_R2.fasta	33	2	5447	0	0	0	7713	7686	0	722	0	655	50	0	0	0	0	0	0	0	0	462	0	0	0	0	0	0	0	0	0	0	0	0	0	0	0	0	0	0	0	0	0	0	0	0	0	0	0	0
34_R1.fasta	34	1	56	2	0	0	36	10	2	3	0	3	0	7	0	0	0	0	2	3	0	2	0	0	0	0	0	0	0	0	0	1	0	0	0	0	0	0	0	0	0	0	0	0	0	0	0	0	0	0
34_R2.fasta	34	2	57	2	0	0	36	10	2	6	0	3	0	8	0	0	0	0	0	3	0	2	0	0	0	0	0	0	0	0	0	1	0	0	0	0	0	0	0	0	0	0	0	0	0	0	0	0	0	0
35_R1.fasta	35	1	10459	0	0	0	7153	7532	0	881	0	1049	35	0	0	0	0	0	0	0	0	667	0	0	0	0	0	0	0	0	0	0	1	0	105	0	0	0	0	0	0	0	0	0	0	0	0	0	0	0
35_R2.fasta	35	2	10371	0	0	0	7155	7482	0	1052	0	1049	36	0	0	0	0	0	0	0	0	656	0	0	0	0	0	0	0	0	0	0	1	0	104	0	0	0	0	0	0	0	0	0	0	0	0	0	0	0
36_R1.fasta	36	1	13736	0	0	0	11033	2805	0	1093	0	1699	29	0	0	0	0	0	0	0	0	64	0	0	0	0	0	0	0	0	0	0	0	0	135	0	0	0	0	0	0	0	0	0	0	0	0	0	0	0
36_R2.fasta	36	2	13605	0	0	0	11044	2783	0	1474	0	1696	31	0	0	0	0	0	0	0	0	62	0	0	0	0	0	0	0	0	0	0	0	0	135	0	0	0	0	0	0	0	0	0	0	0	0	0	0	0
37_R1.fasta	37	1	10112	0	0	0	8762	8127	0	12	0	4466	58	1	63	0	0	0	0	0	0	1	0	0	0	0	0	0	0	0	0	0	0	0	0	0	0	0	0	0	0	0	0	0	0	0	0	0	0	0
37_R2.fasta	37	2	9995	0	0	0	8798	8050	0	11	0	4458	55	1	51	0	0	0	0	0	0	1	0	0	0	0	0	0	0	0	0	0	0	0	0	0	0	0	0	0	0	0	0	0	0	0	0	0	0	0
38_R1.fasta	38	1	16160	0	0	0	14753	2518	0	75	0	5066	111	4	96	0	0	0	1	0	0	0	0	0	1	0	0	0	0	0	0	1	1	0	0	0	0	0	0	0	0	0	0	0	0	0	0	0	0	0
38_R2.fasta	38	2	15937	0	0	0	14797	2482	0	73	0	5065	109	2	88	0	0	0	1	0	0	0	0	0	1	0	0	0	0	0	0	1	1	0	0	0	0	0	0	0	0	0	0	0	0	0	0	0	0	2
39_R1.fasta	39	1	6424	0	0	0	12499	801	402	1702	751	7	120	4	1	0	0	0	4553	203	4	13	0	0	1	0	1	0	0	0	0	10	20	0	6	0	0	0	0	0	0	0	0	0	0	0	0	0	1	0
39_R2.fasta	39	2	6374	0	0	0	12511	788	401	1682	718	6	115	4	1	0	0	0	4556	187	5	13	0	0	1	0	1	0	0	0	0	10	19	0	5	0	0	0	0	0	0	0	0	0	0	0	0	0	1	0
3_R1.fasta	3	1	5480	0	0	0	5193	14301	0	657	0	912	20	0	0	0	0	0	0	0	0	1513	0	0	0	0	0	0	0	0	0	0	0	0	78	0	0	0	0	0	0	0	0	0	0	0	0	0	0	0
3_R2.fasta	3	2	5424	0	0	0	5185	14238	0	775	0	911	19	0	0	0	0	0	0	0	0	1481	0	0	0	0	0	0	0	0	0	0	0	0	80	0	0	0	0	0	0	0	0	0	0	0	0	0	0	0
40_R1.fasta	40	1	15625	0	0	0	19034	2624	0	2411	0	2358	26	0	0	0	0	0	3	0	2	457	0	0	0	0	0	0	0	0	0	0	0	0	0	0	0	0	0	0	0	0	0	0	0	0	0	0	0	0
40_R2.fasta	40	2	15382	0	0	0	19031	2574	1	2910	0	2350	24	0	0	0	0	0	4	0	2	456	0	0	0	0	0	0	0	0	0	0	0	0	0	0	0	0	0	0	0	0	0	0	0	0	0	0	0	0
41_R1.fasta	41	1	5945	0	0	0	15588	2431	0	965	2	993	14	2	0	0	0	0	14	1	0	109	0	0	0	0	0	0	0	0	0	0	0	0	0	0	0	0	0	0	0	0	0	0	0	0	0	0	0	0
41_R2.fasta	41	2	5868	0	0	0	15612	2374	0	1228	2	993	13	1	0	0	0	0	14	1	0	107	0	0	0	0	0	0	0	0	0	0	0	0	0	0	0	0	0	1	0	0	0	0	0	0	0	0	0	0
42_R1.fasta	42	1	6839	1	0	0	17331	5215	0	1340	2	707	16	0	0	0	0	1	3	1	0	0	0	0	0	0	0	0	0	0	0	0	0	0	0	0	0	0	0	0	0	0	0	0	0	0	0	0	0	0
42_R2.fasta	42	2	6771	1	0	0	17471	5123	0	1756	2	704	15	0	0	0	0	1	3	1	0	0	0	0	0	0	0	0	0	0	0	0	0	0	0	0	0	0	0	0	0	0	0	0	0	0	0	0	0	0
43_R1.fasta	43	1	10798	0	0	0	26098	5769	0	2083	0	2184	30	0	0	0	0	0	0	0	0	1	0	0	0	0	0	0	0	0	0	0	0	0	0	0	0	0	0	0	0	0	0	0	0	0	0	0	0	0
43_R2.fasta	43	2	10667	0	0	0	26230	5672	0	2530	0	2180	28	0	0	0	0	0	0	0	0	1	0	0	0	0	0	0	0	0	0	0	0	0	0	0	0	0	0	0	0	0	0	0	0	0	0	0	0	0
44_R1.fasta	44	1	17118	0	0	0	11953	8761	0	1681	2	2359	26	4	0	0	0	0	4	1	0	383	0	0	0	0	0	0	0	0	0	1	0	0	0	0	0	0	0	0	0	0	0	0	0	0	0	0	0	0
44_R2.fasta	44	2	16945	0	0	0	11956	8674	0	2004	1	2343	26	4	0	0	0	0	4	1	0	378	0	0	0	0	0	0	0	0	0	1	0	0	0	0	0	0	0	0	0	0	0	0	0	0	0	0	0	0
45_R1.fasta	45	1	5369	0	0	0	9958	29090	1	620	0	712	30	1	0	0	0	0	4	1	0	1367	0	1	0	0	0	0	0	0	0	3	0	0	0	0	0	0	0	0	0	0	0	0	0	0	0	0	0	0
45_R2.fasta	45	2	5298	0	0	0	10007	28834	1	907	0	715	29	1	0	0	0	0	4	1	0	1356	0	1	0	0	0	0	0	0	0	3	0	0	0	0	0	0	0	0	0	0	0	0	0	0	0	0	0	0
46_R1.fasta	46	1	4288	5	0	0	4748	39905	0	1208	0	527	32	6	0	0	0	0	11	1	1	3044	0	1	0	0	0	0	0	0	0	1	2	0	0	0	0	0	0	0	0	0	0	0	0	0	0	0	0	0
46_R2.fasta	46	2	4230	5	0	0	4754	39576	0	1287	0	523	33	6	0	0	0	0	11	1	1	2995	0	0	0	0	0	0	0	0	0	1	2	0	0	0	0	0	0	0	0	0	0	0	0	0	0	0	0	0
47_R1.fasta	47	1	28750	0	0	0	15959	277	0	3002	0	2041	28	2	0	0	0	0	0	0	2	193	1	0	0	0	0	0	0	0	0	1	0	0	0	0	0	0	0	0	0	0	0	0	0	0	0	0	0	0
47_R2.fasta	47	2	28482	0	0	0	15971	278	0	3063	0	2044	27	2	0	0	0	0	0	0	2	187	1	0	0	0	0	0	0	0	0	1	0	0	0	0	0	0	0	0	0	0	0	0	0	0	0	0	0	0
48_R1.fasta	48	1	37325	0	0	0	16472	595	0	3036	0	1989	23	1	0	0	0	0	2	0	1	447	0	0	6	0	0	0	0	0	0	0	1	0	0	0	0	0	0	0	2	0	0	0	0	0	0	0	0	0
48_R2.fasta	48	2	36932	0	0	0	16462	595	0	3103	0	1994	23	1	0	0	0	0	2	0	1	438	0	0	6	0	0	0	0	0	0	0	1	0	0	0	0	0	0	0	2	0	0	0	0	0	0	0	0	0
49_R1.fasta	49	1	26685	0	0	0	15953	809	1	2572	0	2631	21	3	0	0	0	0	0	0	1	166	0	0	0	0	0	0	0	0	0	5	0	0	0	0	0	0	0	0	0	0	0	0	0	0	0	0	0	0
49_R2.fasta	49	2	26488	0	0	0	15981	798	1	2795	0	2629	21	3	0	0	0	0	0	0	1	162	0	0	0	0	0	0	0	0	0	4	0	0	0	0	0	0	0	0	0	0	0	0	0	0	0	0	0	0
4_R1.fasta	4	1	12539	0	0	0	11921	11010	1	48	0	6344	51	2	67	0	0	0	4	1	7	0	0	0	0	0	0	0	0	0	0	1	0	0	0	0	0	0	0	0	0	0	0	0	0	0	0	0	0	0
4_R2.fasta	4	2	12280	0	0	0	11903	10827	1	50	0	6362	52	2	57	0	0	0	4	0	7	0	0	0	0	0	0	0	0	0	0	1	0	0	0	0	0	0	0	0	0	0	0	0	0	0	0	0	0	0
50_R1.fasta	50	1	16396	0	0	0	7428	713	0	2236	0	852	15	0	0	0	0	0	0	0	0	241	0	0	0	0	0	0	0	0	0	0	0	0	0	0	0	0	0	0	0	0	0	0	0	0	0	0	0	0
50_R2.fasta	50	2	16218	0	0	0	7507	705	0	2250	0	848	17	0	0	0	0	0	0	0	0	243	0	0	0	0	0	0	0	0	0	0	0	0	0	0	0	0	0	0	0	0	0	0	0	0	0	0	0	0
51_R1.fasta	51	1	1	1	0	0	4	1	0	0	6	0	0	5	0	0	0	0	2	0	0	1	0	0	0	0	0	0	0	0	0	1	0	0	0	0	0	0	0	0	0	0	0	0	0	0	0	0	0	0
51_R2.fasta	51	2	1	1	0	0	2	1	0	0	6	0	0	5	0	0	0	0	2	0	0	1	0	0	0	0	0	0	0	0	0	1	0	0	0	0	0	0	0	0	0	0	0	0	0	0	0	0	0	0
52_R1.fasta	52	1	337	0	0	0	4485	10049	0	127	0	13	0	0	0	0	0	0	0	0	0	658	0	0	0	0	0	0	0	0	0	0	0	0	0	0	0	0	0	0	0	0	0	0	0	0	0	0	0	0
52_R2.fasta	52	2	335	0	0	0	4501	10000	0	123	0	13	0	0	0	0	0	0	0	0	0	641	0	0	0	0	0	0	0	0	0	0	0	0	0	0	0	0	0	0	0	0	0	0	0	0	0	0	0	0
53_R1.fasta	53	1	28694	0	0	0	23124	13560	3	136	0	19339	208	0	344	0	0	0	0	0	0	0	0	0	0	0	0	0	0	0	0	0	0	0	0	0	0	0	0	0	0	0	0	0	0	0	0	0	0	0
53_R2.fasta	53	2	28274	0	0	0	23183	13401	3	127	0	19458	197	0	285	0	0	0	0	0	0	0	0	0	0	0	0	0	0	0	0	0	0	0	0	0	0	0	0	0	0	0	0	0	0	0	0	0	0	0
54_R1.fasta	54	1	15396	0	0	0	10623	12848	0	1668	0	634	5	0	0	0	0	0	0	0	0	1168	0	0	0	0	0	0	0	0	0	0	0	0	0	0	0	0	0	0	0	0	0	0	0	0	0	0	0	0
54_R2.fasta	54	2	15213	0	0	0	10647	12799	0	1970	0	629	5	0	0	0	0	0	0	0	0	1146	0	0	0	0	0	0	0	0	0	0	0	0	0	0	0	0	0	0	0	0	0	0	0	0	0	0	0	0
55_R1.fasta	55	1	21523	0	0	0	23598	28485	0	2268	0	5488	78	1	0	0	0	0	5	0	0	1123	0	0	1	0	0	0	0	0	0	0	3	0	0	0	0	0	1	0	0	0	0	0	0	0	0	0	0	0
55_R2.fasta	55	2	21236	0	0	0	23588	28177	0	2813	1	5465	79	2	0	0	0	0	5	0	0	1091	0	0	1	0	0	0	0	0	0	0	3	0	0	0	0	0	1	0	0	0	0	0	0	0	0	0	0	0
56_R1.fasta	56	1	24735	0	0	0	19252	172	1	1626	0	2829	100	0	0	0	0	0	1	0	5	103	0	0	3	0	0	0	0	0	0	2	0	0	0	0	0	0	3	1	0	0	0	0	0	0	0	0	0	0
56_R2.fasta	56	2	24455	0	0	0	19270	176	1	2211	0	2829	100	0	0	0	0	0	0	0	5	100	0	0	3	0	0	0	0	0	0	2	0	0	0	0	0	0	3	1	0	0	0	0	0	0	0	0	0	0
57_R1.fasta	57	1	27160	0	0	0	23904	856	4	1954	0	2031	184	2	0	0	0	0	0	0	1	211	0	0	0	0	0	0	0	0	0	2	0	0	0	0	0	0	0	0	0	0	0	0	0	0	0	0	0	0
57_R2.fasta	57	2	26819	0	0	0	23937	842	4	2490	0	2045	180	2	0	0	0	0	0	0	1	208	0	0	0	0	0	0	0	0	0	2	0	0	0	0	0	0	0	0	0	0	0	0	0	0	0	0	0	0
58_R1.fasta	58	1	13214	0	0	0	29797	2778	0	3438	1	3395	19	2	0	0	0	0	0	0	0	0	0	0	0	0	0	0	0	0	0	1	0	0	0	0	0	0	0	0	0	0	0	0	0	0	0	0	0	0
58_R2.fasta	58	2	12948	0	0	0	30193	2760	0	3486	0	3400	19	2	0	0	0	0	0	0	0	0	0	0	0	0	0	0	0	0	0	0	0	0	0	0	0	0	0	0	0	0	0	0	0	0	0	0	0	0
59_R1.fasta	59	1	9592	0	0	0	22282	2404	0	2406	0	2099	18	0	0	0	0	0	3	0	1	1	0	0	0	0	0	0	0	0	0	0	0	0	0	0	0	0	0	0	0	0	0	0	0	0	0	0	0	0
59_R2.fasta	59	2	9427	0	0	0	22686	2347	0	2375	0	2101	18	0	0	0	0	0	3	0	1	0	0	0	0	0	0	0	0	0	0	0	0	0	0	0	0	0	0	0	0	0	0	0	0	0	0	0	0	0
5_R1.fasta	5	1	13771	1	0	0	7996	4025	5	54	0	6527	75	1	76	0	0	0	0	1	5	0	0	0	0	0	0	0	0	0	0	1	1	0	0	0	0	0	0	0	0	0	0	0	0	0	0	0	0	0
5_R2.fasta	5	2	13594	0	0	0	8009	3966	6	53	0	6527	74	1	61	0	0	0	1	1	5	0	0	0	0	0	0	0	0	0	0	1	1	0	0	0	0	0	0	0	0	0	0	0	0	0	0	0	0	0
60_R1.fasta	60	1	2676	0	0	0	26678	2199	0	4791	0	5799	0	0	0	0	0	0	0	0	0	2	0	0	0	0	0	0	0	0	0	0	0	0	0	0	0	0	1	0	0	0	0	0	0	0	0	0	0	0
60_R2.fasta	60	2	2648	0	0	0	26678	2228	0	4992	0	5833	0	0	0	0	0	0	0	0	0	1	0	0	0	0	0	0	0	0	0	0	0	0	0	0	0	0	1	0	0	0	0	0	0	0	0	0	0	0
61_R1.fasta	61	1	23576	1	0	0	17524	10942	0	2563	7	4195	40	2	0	0	0	0	5	1	0	547	0	0	0	0	0	0	0	0	0	0	0	0	0	0	0	0	0	0	0	0	0	0	0	0	0	0	0	0
61_R2.fasta	61	2	23326	1	0	0	17526	10849	0	2978	7	4186	41	2	0	0	0	0	5	1	0	538	0	0	0	0	0	0	0	0	0	0	0	0	0	0	0	0	0	0	0	0	0	0	0	0	0	0	0	0
62_R1.fasta	62	1	20343	1	0	0	10854	5767	1	1763	1	2873	34	4	0	0	0	0	2	0	0	357	0	0	0	0	0	0	0	0	0	2	0	0	0	0	0	0	0	0	0	0	0	0	0	0	0	0	0	0
62_R2.fasta	62	2	20161	1	0	0	10855	5720	1	1998	1	2874	33	1	0	0	0	0	3	0	0	353	0	0	0	0	0	0	0	0	0	2	0	0	0	0	0	0	0	0	0	0	0	0	0	0	0	0	0	0
63_R1.fasta	63	1	19523	1	0	0	16667	24272	0	2378	1	3376	15	0	27	0	0	0	5	0	0	835	0	0	0	0	0	0	0	0	0	11	1	0	0	0	0	0	0	0	0	0	0	0	0	0	0	0	0	0
63_R2.fasta	63	2	19350	1	0	0	16698	24031	0	2702	1	3363	15	0	24	0	0	0	5	0	0	823	0	0	0	0	0	0	0	0	0	10	0	0	0	0	0	0	0	0	0	0	0	0	0	0	0	0	0	0
64_R1.fasta	64	1	19967	1	0	0	18341	8126	0	1902	0	3634	30	0	4	0	0	0	7	0	8	1035	0	0	0	0	0	0	0	0	0	5	2	0	0	0	0	0	0	0	0	0	0	0	0	0	0	0	0	0
64_R2.fasta	64	2	19757	1	0	0	18328	8086	0	2281	0	3637	31	0	3	0	0	0	7	0	6	1013	0	0	0	0	0	0	0	0	0	5	1	0	0	0	0	0	0	0	0	0	0	0	0	0	0	0	0	0
65_R1.fasta	65	1	25573	1	0	0	20666	5450	0	2291	0	4463	28	1	9	0	0	1	3	2	1	478	0	0	0	0	0	0	0	0	0	3	0	0	0	0	0	0	0	0	0	0	0	0	0	0	0	0	0	0
65_R2.fasta	65	2	25284	1	0	0	20641	5405	0	2498	0	4496	29	1	8	0	0	1	4	2	1	466	0	0	0	0	0	0	0	0	0	2	0	0	0	0	0	0	0	0	0	0	0	0	0	0	0	0	0	0
66_R1.fasta	66	1	36097	0	0	0	32595	1586	0	3220	0	5465	152	0	6	0	0	0	0	0	0	333	0	0	0	0	0	0	0	0	0	0	0	0	0	0	0	0	0	0	0	0	0	0	0	0	0	0	0	0
66_R2.fasta	66	2	35652	0	0	0	32185	1570	0	3507	0	5484	157	0	6	0	0	0	0	0	0	325	0	0	0	0	0	0	0	0	0	0	0	0	0	0	0	0	0	0	0	0	0	0	0	0	0	0	0	0
67_R1.fasta	67	1	31019	0	0	0	32071	6661	0	2380	0	1504	245	0	0	0	0	0	0	0	0	212	0	0	0	0	0	0	0	0	0	0	1	0	0	0	0	0	0	0	0	0	0	0	0	0	0	0	0	1
67_R2.fasta	67	2	30622	0	0	0	31729	6588	0	2740	0	1512	251	0	0	0	0	0	0	0	0	203	0	0	0	0	0	0	0	0	0	0	1	0	0	0	0	0	0	0	0	0	0	0	0	0	0	0	0	0
68_R1.fasta	68	1	1	2	0	0	0	1	0	0	3	0	0	2	0	0	0	1	7	0	0	2	1	0	0	0	0	0	0	0	0	0	0	0	0	0	0	0	0	0	0	0	0	0	0	0	0	0	0	0
68_R2.fasta	68	2	1	2	0	0	0	1	0	0	3	0	0	2	0	0	0	1	7	0	0	2	1	0	0	0	0	0	0	0	0	0	0	0	0	0	0	0	0	0	0	0	0	0	0	0	0	0	0	0
69_R1.fasta	69	1	3	2	0	0	4	13	0	0	0	0	0	4	0	0	0	0	2	0	0	62684	0	0	0	0	0	0	0	0	0	0	0	0	0	0	0	0	0	0	0	0	0	0	0	0	0	0	0	0
69_R2.fasta	69	2	2	2	0	0	2	12	0	0	0	0	0	3	0	0	0	0	1	0	0	61925	0	0	0	0	0	0	0	0	0	0	0	0	0	0	0	0	0	0	0	0	0	0	0	0	0	0	0	0
6_R1.fasta	6	1	15991	0	0	0	15603	9057	1	1791	3	1565	27	0	0	0	0	0	1	0	0	587	0	0	0	0	0	0	0	0	0	4	0	0	0	0	0	0	0	0	0	0	0	0	0	0	0	0	0	0
6_R2.fasta	6	2	15762	0	0	0	15610	8893	1	2194	3	1562	27	0	0	0	0	0	1	0	0	577	0	0	0	0	0	0	0	0	0	4	0	0	0	0	0	0	0	0	0	0	0	0	0	0	0	0	0	0
70_R1.fasta	70	1	2	0	0	0	0	7	0	0	2	2	0	3	0	0	0	0	1	0	0	4	0	0	0	0	0	0	0	0	0	0	0	0	0	0	0	0	0	0	0	0	0	0	0	0	0	0	0	0
70_R2.fasta	70	2	2	0	0	0	0	7	0	0	2	2	0	2	0	0	0	0	1	0	0	4	0	0	0	0	0	0	0	0	0	0	0	0	0	0	0	0	0	0	0	0	0	0	0	0	0	0	0	0
71_R1.fasta	71	1	12711	0	0	0	7232	9965	0	1972	0	1308	39	0	0	0	0	0	0	0	0	303	0	0	0	0	0	0	0	0	0	0	0	0	142	0	0	0	0	0	0	0	0	0	0	0	0	0	0	0
71_R2.fasta	71	2	12551	0	0	0	7268	9848	0	2150	0	1304	41	0	0	0	0	0	0	0	0	295	0	0	0	0	0	0	0	0	0	0	0	0	142	0	0	0	0	0	0	0	0	0	0	0	0	0	0	0
72_R1.fasta	72	1	10102	0	0	0	10763	11555	0	1329	0	449	39	0	0	0	0	0	0	0	0	1707	0	0	0	0	0	0	0	0	0	0	0	0	0	0	0	0	0	0	0	0	0	0	0	0	0	0	0	0
72_R2.fasta	72	2	9981	0	0	0	10730	11513	0	1212	0	448	40	0	0	0	0	0	0	0	0	1677	0	0	0	0	0	0	0	0	0	0	0	0	0	0	0	0	0	0	0	0	0	0	0	0	0	0	0	0
73_R1.fasta	73	1	23304	0	0	0	9546	6267	9	24	0	6789	363	0	90	0	0	0	0	0	0	0	0	0	0	0	0	0	0	0	0	0	0	0	0	0	0	0	0	0	0	0	0	0	0	0	0	0	0	0
73_R2.fasta	73	2	23024	0	0	0	9590	6181	9	24	0	6787	358	0	68	0	0	0	0	0	0	0	0	0	0	0	0	0	0	0	0	0	0	0	0	0	0	0	0	0	0	0	0	0	0	0	0	0	0	0
74_R1.fasta	74	1	9443	0	0	0	7250	8162	0	1262	1	540	15	7	0	0	0	0	1	0	1	442	0	0	0	0	0	0	0	0	0	2	0	0	0	0	0	0	0	0	0	0	0	0	0	0	0	0	0	0
74_R2.fasta	74	2	9313	0	0	0	7261	8079	0	1403	1	540	14	7	0	0	0	0	1	0	1	432	0	0	0	0	0	0	0	0	0	2	0	0	0	0	0	0	0	0	0	0	0	0	0	0	0	0	0	0
75_R1.fasta	75	1	10293	0	0	0	14850	10309	1	2615	0	1611	23	2	0	0	0	0	0	0	4	504	0	0	0	0	0	0	0	0	0	1	1	0	0	0	0	0	0	0	0	0	0	0	0	0	0	0	0	0
75_R2.fasta	75	2	10137	0	0	0	14892	10160	0	2905	0	1599	23	1	0	0	0	0	1	0	4	484	0	0	0	0	0	0	0	0	0	1	1	0	0	0	0	0	0	0	0	0	0	0	0	0	0	0	0	0
76_R1.fasta	76	1	7025	0	0	0	5242	6044	7	808	1	1462	70	0	0	0	0	0	0	0	0	408	0	0	0	0	0	0	0	0	0	1	1	0	0	0	0	0	0	0	0	0	0	0	0	0	0	0	0	0
76_R2.fasta	76	2	6915	0	0	0	5242	5984	7	1028	1	1453	69	0	0	0	0	0	0	0	0	399	0	0	0	0	0	0	0	0	0	0	1	0	0	0	0	0	0	0	0	0	0	0	0	0	0	0	0	0
77_R1.fasta	77	1	14515	1	6	0	27481	2237	12	1241	406	403	9	30	0	0	0	1	230	33	2	236	7	0	5	7	0	0	0	0	0	74	403	0	28	0	1	0	5	2	8	0	0	45	0	0	0	0	0	0
77_R2.fasta	77	2	14336	1	6	0	27580	2202	11	1207	395	398	8	29	0	0	0	1	230	32	2	229	4	0	5	7	0	0	0	0	0	72	388	0	18	0	0	0	10	2	7	0	0	44	0	0	0	0	0	0
78_R1.fasta	78	1	6547	1	0	0	11310	7114	0	611	0	1030	62	0	0	0	0	0	1	0	0	0	0	0	0	0	0	0	0	0	0	0	0	0	0	0	0	0	0	0	0	0	0	0	0	0	0	0	0	0
78_R2.fasta	78	2	6490	1	0	0	11475	6968	0	766	0	1025	60	0	0	0	0	0	1	0	0	0	0	0	0	0	0	0	0	0	0	0	0	0	0	0	0	0	0	0	0	0	0	0	0	0	0	0	0	0
79_R1.fasta	79	1	21102	0	0	0	13865	2190	0	2163	0	2215	15	0	0	0	0	0	0	0	0	363	0	0	0	0	0	0	0	0	0	0	0	0	0	0	0	0	0	0	0	0	0	0	0	0	0	0	0	0
79_R2.fasta	79	2	20766	0	0	0	13924	2132	0	2406	0	2211	15	0	0	0	0	0	0	0	0	347	0	0	0	0	0	0	0	0	0	0	0	0	0	0	0	0	0	0	0	0	0	0	0	0	0	0	0	0
7_R1.fasta	7	1	11530	0	0	0	11938	6768	3	1690	1	2028	21	5	0	0	0	0	0	0	0	337	0	0	3	0	0	0	0	0	0	0	3	0	0	0	0	0	0	7	0	0	0	0	0	0	0	0	0	0
7_R2.fasta	7	2	11360	0	0	0	11920	6656	2	1980	0	2029	21	5	0	0	0	0	0	0	0	331	0	0	3	0	0	0	0	0	0	0	3	0	0	0	0	0	0	7	0	0	0	0	0	0	0	0	0	0
80_R1.fasta	80	1	16382	4	0	0	13173	2659	0	1355	1	2512	17	7	1	0	0	0	5	0	0	353	0	0	0	0	0	0	0	0	0	0	0	0	0	0	0	0	0	0	0	0	0	0	0	0	0	0	0	0
80_R2.fasta	80	2	16114	4	0	0	13197	2650	0	1640	1	2502	17	7	0	0	0	0	5	0	0	342	0	0	0	0	0	0	0	0	0	0	1	0	0	0	0	0	0	0	0	0	0	0	0	0	0	0	0	0
81_R1.fasta	81	1	14653	1	0	0	15107	2938	0	1857	4	2366	17	0	5	0	0	0	3	0	0	414	0	0	0	0	0	0	0	0	0	0	0	0	0	0	0	0	0	0	0	0	0	0	0	0	0	0	0	0
81_R2.fasta	81	2	14519	1	0	0	15123	2913	0	2111	4	2375	16	0	3	0	0	0	3	0	0	405	0	0	0	0	0	0	0	0	0	0	0	0	0	0	0	0	0	0	0	0	0	0	0	0	0	0	0	0
82_R1.fasta	82	1	18289	4	0	0	15173	402	0	2373	3	2926	168	2	0	0	0	0	1	0	1	113	0	0	0	0	0	0	0	0	0	0	0	0	0	0	0	0	0	0	0	0	0	0	0	0	0	0	0	0
82_R2.fasta	82	2	18100	4	0	0	15190	397	0	2815	3	2925	167	2	0	0	0	0	1	0	1	113	0	0	0	0	0	0	0	0	0	0	0	0	0	0	0	0	0	0	0	0	0	0	0	0	0	0	0	0
83_R1.fasta	83	1	19587	0	0	0	12186	763	0	1102	0	1763	21	1	0	0	0	0	2	0	3	110	0	0	0	0	0	0	0	0	0	1	1	0	0	0	0	0	0	0	0	0	0	0	0	0	0	0	0	0
83_R2.fasta	83	2	19399	0	0	0	12182	754	0	1180	1	1764	21	1	0	0	0	0	2	0	3	103	0	0	0	0	0	0	0	0	0	1	1	0	0	0	0	0	0	0	0	0	0	0	0	0	0	0	0	0
84_R1.fasta	84	1	5609	1	0	0	14190	8367	0	1241	0	1	1	5	0	0	0	0	3	0	2	1463	0	0	5	0	0	0	0	0	0	1	0	0	0	0	0	0	0	0	0	0	0	0	0	0	0	0	0	0
84_R2.fasta	84	2	5537	1	0	0	14225	8220	0	1226	0	2	1	4	0	0	0	0	3	0	2	1428	0	0	6	0	0	0	0	0	0	1	0	0	0	0	0	0	0	0	0	0	0	0	0	0	0	0	0	0
85_R1.fasta	85	1	10811	0	0	0	10604	6747	0	769	0	167	242	0	1	0	0	0	0	0	0	308	0	0	0	0	0	0	0	0	0	0	0	0	0	0	0	0	0	0	0	0	0	0	0	0	0	0	0	0
85_R2.fasta	85	2	10635	0	0	0	10577	6632	0	1082	0	161	239	0	0	0	0	0	0	0	0	300	0	0	0	0	0	0	0	0	0	0	0	0	0	0	0	0	0	0	0	0	0	0	0	0	0	0	0	0
86_R1.fasta	86	1	12753	0	0	0	9969	3546	0	1137	0	1097	73	1	0	0	0	0	0	0	0	109	0	0	0	0	0	0	0	0	0	0	0	0	0	0	0	0	0	1	0	0	0	0	0	0	0	0	0	0
86_R2.fasta	86	2	12580	0	0	0	9909	3560	0	1183	0	1092	75	1	0	0	0	0	0	0	0	108	0	0	0	0	0	0	0	0	0	0	0	0	0	0	0	0	0	0	0	0	0	0	0	0	0	0	0	0
87_R1.fasta	87	1	698	1	0	0	661	323	2	56	2	17	12	2	0	0	0	0	3	0	0	25	0	0	0	0	0	0	0	0	0	4	0	0	0	0	0	0	0	0	0	0	0	0	0	0	0	0	0	0
87_R2.fasta	87	2	688	1	0	0	661	321	2	66	2	17	12	2	0	0	0	0	3	0	0	24	0	0	0	0	0	0	0	0	0	4	0	0	0	0	0	0	1	0	0	0	0	0	0	0	0	0	0	0
88_R1.fasta	88	1	1	0	0	0	2	17	1	0	1	0	0	4	0	0	0	0	1	0	0	48403	0	0	0	0	0	0	0	0	0	0	0	0	0	0	0	0	0	0	0	0	0	0	0	0	0	0	0	0
88_R2.fasta	88	2	1	0	0	0	1	16	1	0	1	0	0	4	0	0	0	0	1	0	0	47811	0	0	0	0	0	0	0	0	0	0	0	0	0	0	0	0	0	0	0	0	0	0	0	0	0	0	0	0
89_R1.fasta	89	1	1	0	0	0	1	4	0	0	5	0	0	3	0	0	0	0	2	0	0	1	0	0	0	0	0	0	0	0	0	0	1	0	0	0	0	0	0	0	0	0	0	0	0	0	0	0	0	0
89_R2.fasta	89	2	0	0	0	0	1	5	0	0	5	0	0	3	0	0	0	0	2	0	0	1	0	0	0	0	0	0	0	0	0	0	1	0	0	0	0	0	0	0	0	0	0	0	0	0	0	0	0	0
8_R1.fasta	8	1	7718	0	0	0	11118	274	0	1916	0	2367	0	2	0	0	0	0	0	0	4	0	0	1	0	0	0	0	0	0	0	5	0	0	0	0	0	0	0	0	0	0	0	0	0	0	0	0	0	0
8_R2.fasta	8	2	7616	0	0	0	11125	274	0	1845	0	2371	0	2	0	0	0	0	0	0	4	0	0	1	0	0	0	0	0	0	0	4	0	0	0	0	0	0	0	0	0	0	0	0	0	0	0	0	0	0
90_R1.fasta	90	1	4862	0	0	0	4939	27093	0	1284	0	287	11	0	0	0	0	0	0	0	0	490	0	0	0	0	0	0	0	0	0	0	0	0	44	0	0	0	0	0	0	0	0	0	0	0	0	0	0	0
90_R2.fasta	90	2	4810	0	0	0	4946	26947	0	1473	0	286	12	0	0	0	0	0	0	0	0	488	0	0	0	0	0	0	0	0	0	0	0	0	43	0	0	0	0	0	0	0	0	0	0	0	0	0	0	0
91_R1.fasta	91	1	11316	0	82	0	21317	3216	191	1641	616	296	28	409	0	0	0	0	0	0	0	712	15	0	51	39	35	0	0	0	0	588	256	0	0	0	0	0	66	0	58	0	0	0	0	0	0	0	0	0
91_R2.fasta	91	2	11215	0	83	0	21341	3218	222	1872	602	297	28	399	0	0	0	0	0	0	0	703	14	0	50	37	33	0	0	0	0	581	246	0	0	0	0	0	216	0	30	0	0	0	0	0	0	0	0	2
92_R1.fasta	92	1	10954	0	0	0	17807	4391	0	56	0	11681	124	0	245	0	0	0	0	0	0	1	0	0	0	0	0	0	0	0	0	0	0	0	0	0	0	0	0	0	0	0	0	0	0	0	0	0	0	0
92_R2.fasta	92	2	10815	0	0	0	17840	4366	0	55	0	11667	123	0	194	0	0	0	0	0	0	1	0	0	0	0	0	0	0	0	0	0	0	0	0	0	0	0	0	0	0	0	0	0	0	0	0	0	0	0
93_R1.fasta	93	1	16358	0	0	0	15941	9585	0	141	0	10285	154	19	169	0	0	0	0	0	1	0	0	0	0	0	0	0	0	0	0	0	0	0	0	0	0	0	0	0	0	0	0	0	0	0	0	0	0	0
93_R2.fasta	93	2	16135	0	0	0	16015	9412	0	140	0	10283	154	20	141	0	0	0	0	0	1	0	0	0	0	0	0	0	0	0	0	0	0	0	0	0	0	0	0	0	0	0	0	0	0	0	0	0	0	0
94_R1.fasta	94	1	12230	0	0	0	9414	22057	4	28	0	2673	213	2	184	0	0	0	1	0	0	1	0	0	0	0	0	0	0	0	0	0	0	0	0	0	0	0	0	0	0	0	0	0	0	0	0	0	0	0
94_R2.fasta	94	2	12055	0	0	0	9414	21782	4	28	0	2692	212	2	152	0	0	0	1	0	0	1	0	0	0	0	0	0	0	0	0	0	0	0	0	0	0	0	0	0	0	0	0	0	0	0	0	0	0	0
95_R1.fasta	95	1	21041	0	0	0	10375	14037	0	9	1	6053	528	2	87	0	0	0	0	0	3	4	0	0	0	0	0	0	0	0	0	1	0	0	0	0	0	0	0	0	0	0	0	0	0	0	0	0	0	0
95_R2.fasta	95	2	20752	0	0	0	10396	13831	0	9	1	6059	519	1	72	0	0	0	0	0	3	4	0	0	0	0	0	0	0	0	0	1	0	0	0	0	0	0	0	0	0	0	0	0	0	0	0	0	0	0
96_R1.fasta	96	1	15506	0	0	0	10911	5391	8	26	0	8865	141	1	152	0	0	0	0	0	1	1	0	0	3	0	0	0	0	0	0	0	0	0	0	0	0	0	0	3	0	0	1	0	0	0	0	0	0	0
96_R2.fasta	96	2	15245	0	0	0	10904	5274	6	27	0	8887	138	1	120	0	0	0	0	0	1	1	0	0	3	0	0	0	0	0	0	0	0	0	0	0	0	0	0	2	0	0	1	0	0	0	0	0	0	0
97_R1.fasta	97	1	22514	0	0	0	11905	4326	0	1402	0	1524	65	1	28	0	0	0	0	0	1	428	0	0	0	0	0	0	0	0	0	1	0	0	0	0	0	0	0	0	0	0	0	0	0	0	0	0	0	0
97_R2.fasta	97	2	22200	0	0	0	11943	4269	0	1648	0	1518	62	1	26	0	0	0	0	0	1	413	0	0	0	0	0	0	0	0	0	1	0	0	0	0	0	0	0	0	0	0	0	0	0	0	0	0	0	0
98_R1.fasta	98	1	7043	0	0	0	11016	12807	0	2008	0	74	104	0	0	0	0	0	0	0	0	1053	0	0	0	0	0	0	0	0	0	0	0	0	0	0	0	0	0	0	0	0	0	0	0	0	0	0	0	0
98_R2.fasta	98	2	6972	0	0	0	10993	12636	0	2109	0	74	99	0	0	0	0	0	0	0	0	1020	0	0	0	0	0	0	0	0	0	0	0	0	0	0	0	0	0	0	0	0	0	0	0	0	0	0	0	0
99_R1.fasta	99	1	19396	1	0	0	14679	3797	0	1384	0	4859	62	6	0	0	0	0	2	2	0	151	0	3	0	0	0	0	0	0	0	0	2	0	0	0	0	0	0	0	0	0	0	0	0	0	0	0	0	0
99_R2.fasta	99	2	19137	1	0	0	14721	3743	0	1631	0	4874	62	6	0	0	0	0	2	2	0	147	0	4	0	0	0	0	0	0	0	0	0	0	0	0	0	0	0	0	0	0	0	0	0	0	0	0	0	0
9_R1.fasta	9	1	12234	0	0	0	22609	970	0	2466	0	2952	17	0	0	0	0	0	0	0	0	1	0	0	0	0	0	0	0	0	0	0	0	0	0	0	0	0	0	0	0	0	0	0	0	0	0	0	0	0
9_R2.fasta	9	2	11985	0	0	0	23055	952	0	2411	0	2973	17	0	0	0	0	0	0	0	0	0	0	0	0	0	0	0	0	0	0	0	0	0	0	0	0	0	0	0	0	0	0	0	0	0	0	0	0	0
