fileName	sampleID	read	Rikenellaceae	Bacteroidaceae	Porphyromonadaceae	Prevotellaceae	Bacteroidales_incertae_sedis	Flavobacteriaceae	Sphingobacteriaceae	Chitinophagaceae	Cyclobacteriaceae	Cytophagaceae	Lachnospiraceae	Clostridiaceae.1	Peptostreptococcaceae	Ruminococcaceae	Eubacteriaceae	Clostridiales_Incertae.Sedis.XI	Peptococcaceae.1	Clostridiales_Incertae.Sedis.XIII	Clostridiales_Incertae.Sedis.XII	Defluviitaleaceae	Streptococcaceae	Enterococcaceae	Carnobacteriaceae	Lactobacillaceae	Aerococcaceae	Bacillales_Incertae.Sedis.XI	Paenibacillaceae.1	Staphylococcaceae	Bacillaceae.1	Planococcaceae	Bacillales_Incertae.Sedis.XII	Bacillaceae.2	Erysipelotrichaceae	Veillonellaceae	Acidaminococcaceae	Verrucomicrobiaceae	Coriobacteriaceae	Corynebacteriaceae	Nocardiaceae	Actinomycetaceae	Micrococcaceae	Microbacteriaceae	Brevibacteriaceae	Dermacoccaceae	Intrasporangiaceae	Dermabacteraceae	Propionibacteriaceae	Nocardioidaceae	Pseudonocardiaceae	Geodermatophilaceae	Bifidobacteriaceae	Patulibacteraceae	Nitriliruptoraceae	Spirochaetaceae	Fusobacteriaceae	Leptotrichiaceae	Campylobacteraceae	Pasteurellaceae	Enterobacteriaceae	Halomonadaceae	Oceanospirillaceae	Cardiobacteriaceae	Pseudomonadaceae	Moraxellaceae	Vibrionaceae	Xanthomonadaceae	Idiomarinaceae	Shewanellaceae	Chromatiaceae	Aeromonadaceae	Coxiellaceae	Neisseriaceae	Burkholderiaceae	Oxalobacteraceae	Comamonadaceae	Sutterellaceae	Burkholderiales_incertae_sedis	Alcaligenaceae	Methylophilaceae	Desulfovibrionaceae	Bdellovibrionaceae	Bacteriovoracaceae	Myxococcaceae	Polyangiaceae	Desulfobulbaceae	Sphingomonadaceae	Erythrobacteraceae	Methylobacteriaceae	Phyllobacteriaceae	Bradyrhizobiaceae	Hyphomicrobiaceae	Brucellaceae	Rhizobiaceae	Beijerinckiaceae	Rhizobiales_incertae_sedis	Caulobacteraceae	Rhodobacteraceae	Rhodospirillaceae	Acetobacteraceae	Chloroplast	Synergistaceae	Mycoplasmataceae	Deinococcaceae	Thermotogaceae	Planctomycetaceae	Victivallaceae	Pyrodictiaceae
100_R1.fasta	100	1	794	7538	4858	1	0	1	0	0	0	0	19735	5427	1166	605	201	0	0	0	0	0	1829	468	0	0	0	0	0	0	0	0	0	0	2482	3	0	2804	33	3	0	1	1	0	0	0	0	0	0	0	0	0	0	0	0	1	3	0	1	0	0	0	0	0	0	0	0	0	0	0	0	0	0	0	0	0	0	0	0	0	0	0	0	0	0	0	0	0	0	0	0	0	0	0	0	0	0	0	0	0	0	0	0	0	0	0	0	0	0
100_R2.fasta	100	2	810	7097	4830	1	0	0	0	0	0	0	20698	5417	1066	808	206	0	0	0	0	0	1396	350	1	0	0	0	0	0	0	0	0	0	3003	3	0	2807	33	2	0	1	0	0	0	0	0	0	0	0	0	0	0	0	0	1	3	0	1	0	0	0	0	0	0	0	0	0	0	0	0	0	0	0	0	0	0	0	0	0	0	0	0	0	0	0	0	0	0	0	0	0	0	0	0	0	0	0	0	0	0	0	0	0	0	0	0	0	0
101_R1.fasta	101	1	975	6553	6342	1	0	1	0	0	0	0	23246	2307	1452	601	84	1	0	0	0	0	2880	619	0	0	0	0	0	0	0	0	0	0	2278	2	0	3332	52	1	0	1	0	0	0	0	0	0	0	0	0	0	0	0	0	1	2	0	0	1	0	0	0	0	0	0	0	0	0	0	0	0	0	0	0	0	0	0	0	0	0	0	0	0	0	0	0	0	0	0	0	0	0	0	0	0	0	0	0	0	0	0	0	0	0	0	0	0	0
101_R2.fasta	101	2	978	6221	6303	2	0	1	0	0	0	0	24698	2231	1319	806	88	1	0	0	0	0	2253	467	0	0	0	0	0	0	0	0	0	0	2892	2	0	3346	51	0	0	2	0	0	0	0	0	0	0	0	0	0	0	0	0	1	2	0	0	1	0	0	0	0	0	0	0	0	0	0	0	0	0	0	0	0	0	0	0	0	0	0	0	0	0	0	0	0	0	0	0	0	0	0	0	0	0	0	0	0	0	0	0	0	0	0	0	0	0
102_R1.fasta	102	1	740	9761	6631	0	0	0	0	0	0	0	19009	15	1955	470	102	0	0	0	0	0	313	1011	0	0	0	1	0	0	0	0	0	0	5436	2	0	3172	56	0	0	1	0	0	0	0	0	0	0	0	0	0	0	0	0	0	0	0	0	0	0	0	0	0	0	0	0	0	0	0	0	0	0	1	0	0	0	0	0	0	0	0	0	0	0	0	0	0	0	0	0	0	0	0	0	0	0	0	0	0	0	0	0	0	0	0	0	0	0
102_R2.fasta	102	2	752	9220	6601	0	0	0	0	0	0	0	20627	10	1819	525	101	0	0	0	0	0	242	758	1	0	0	1	0	0	0	0	0	0	6399	1	0	3183	55	0	0	1	0	0	0	0	0	0	0	0	0	0	0	0	0	0	0	1	0	0	0	0	0	0	0	0	0	0	0	0	0	0	0	1	0	0	0	0	0	0	0	0	0	0	0	0	0	0	0	0	0	0	0	0	0	0	0	0	0	0	0	0	0	0	0	0	0	0	0
103_R1.fasta	103	1	1130	12873	4514	0	0	0	0	0	0	0	17636	42	1074	1896	279	0	0	0	0	0	5722	90	1	0	0	1	0	0	0	0	0	0	2511	0	0	4545	51	0	0	1	2	0	0	0	0	0	0	0	0	0	11	0	0	0	2	0	0	2	1026	0	0	0	0	0	0	0	0	0	0	0	0	0	1	0	0	0	0	0	0	0	0	0	0	0	0	0	0	0	0	0	0	0	0	0	0	0	0	0	0	2	0	0	0	0	0	0	0
103_R2.fasta	103	2	1114	12153	4470	0	0	0	0	0	0	0	18218	42	982	1917	274	0	0	0	0	0	4537	60	1	0	0	1	0	0	0	0	0	0	2888	0	0	4561	49	0	0	1	0	0	0	0	0	0	0	0	0	0	4	0	0	0	2	0	0	2	1009	0	0	0	0	0	0	0	0	0	0	0	0	0	1	0	0	0	0	0	0	0	0	0	0	0	0	0	0	0	0	0	0	0	0	0	0	0	0	0	0	2	0	0	0	0	0	0	0
104_R1.fasta	104	1	416	17640	4017	1	0	0	0	0	0	0	15669	1	773	1522	275	0	0	0	0	0	5580	1201	0	0	0	0	0	0	0	0	0	0	2417	0	0	3701	22	0	0	0	0	0	0	0	0	0	0	0	0	0	0	0	0	0	0	0	0	0	804	0	0	0	0	0	0	0	0	0	0	0	0	0	0	0	0	0	0	0	0	0	0	0	0	0	0	0	0	0	0	0	0	0	0	0	0	0	0	0	0	0	0	0	0	0	0	0	0
104_R2.fasta	104	2	413	16643	3959	0	0	0	0	0	0	0	16227	1	704	1528	274	0	0	0	0	0	4311	877	1	0	0	0	0	0	0	0	0	0	2701	0	0	3728	20	0	0	0	0	0	0	0	0	0	0	0	0	0	0	0	0	0	0	0	0	0	795	0	0	0	0	0	0	0	0	0	0	0	0	0	0	0	0	0	0	0	0	0	0	0	0	0	0	0	0	0	0	0	0	0	0	0	0	0	0	0	0	0	0	0	0	0	0	0	0
105_R1.fasta	105	1	1	4857	21	0	0	0	0	0	0	0	104	14870	701	4	2	0	0	0	0	0	21513	186	0	0	0	0	0	0	0	0	0	0	971	0	0	2	0	0	0	0	0	0	0	0	0	0	0	0	0	0	0	0	0	0	0	0	0	0	2706	0	0	0	0	0	0	0	0	0	0	0	0	0	0	1	0	0	0	0	0	0	0	0	0	0	0	0	0	0	0	0	0	0	0	0	0	0	0	0	0	0	0	0	0	0	0	0	0
105_R2.fasta	105	2	1	4623	20	0	0	0	0	0	0	0	99	14060	805	5	2	0	0	0	0	0	16729	147	0	0	0	0	0	0	0	0	0	0	970	0	0	1	0	0	0	0	0	0	0	0	0	0	0	0	0	0	0	0	0	0	0	0	0	0	2678	0	0	0	0	0	0	0	0	0	0	0	0	0	0	1	0	0	0	0	0	0	0	0	0	0	0	0	0	0	0	0	0	0	0	0	0	0	0	0	0	0	0	0	0	0	0	0	0
107_R1.fasta	107	1	137	14539	1888	0	0	0	0	0	0	0	6884	374	832	452	593	0	0	0	0	0	9654	18	0	0	0	0	0	0	0	0	0	0	2540	0	0	2286	68	0	0	0	0	0	0	0	0	0	0	0	0	0	0	0	0	0	0	0	1	0	196	0	0	0	0	0	0	0	0	0	0	0	0	0	0	0	0	0	0	0	0	220	0	0	0	0	0	0	0	0	0	0	0	0	0	0	0	0	0	0	0	0	0	0	0	0	0	0	0
107_R2.fasta	107	2	137	13726	1883	0	0	0	0	0	0	0	7163	369	767	461	588	0	0	0	0	0	7876	16	0	0	0	0	0	0	0	0	0	0	2677	0	0	2280	69	0	0	0	0	0	0	0	0	0	0	0	0	0	0	0	0	0	0	0	1	0	194	0	0	0	0	0	0	0	0	0	0	0	0	0	0	0	0	0	0	0	0	217	0	0	0	0	0	0	0	0	0	0	0	0	0	0	0	0	0	0	0	0	0	0	0	0	0	0	0
108_R1.fasta	108	1	148	17436	3517	0	0	0	0	0	0	0	15006	34	499	822	313	0	0	0	0	0	6707	1321	0	0	0	0	0	0	0	0	0	0	2612	0	0	2631	128	0	0	0	0	0	0	0	0	0	0	0	0	0	0	0	0	0	0	0	0	0	575	0	0	0	0	0	0	0	0	0	0	0	0	0	0	0	0	0	0	0	0	183	0	0	0	0	0	0	0	0	0	0	0	0	0	0	0	0	0	0	0	0	0	0	0	0	0	0	0
108_R2.fasta	108	2	147	16316	3489	0	0	0	0	0	0	0	15144	33	452	830	308	0	15	0	0	0	5468	1012	0	0	0	0	0	0	0	0	0	0	3164	0	0	2621	129	0	0	0	0	0	0	0	0	0	0	0	0	0	0	0	0	0	0	0	0	0	566	0	0	0	0	0	0	0	0	0	0	0	0	0	0	0	0	0	0	0	0	181	0	0	0	0	0	0	0	0	0	0	0	0	0	0	0	0	0	0	0	0	0	0	0	0	0	0	0
109_R1.fasta	109	1	87	11829	2383	0	0	0	0	0	0	0	13285	0	1239	434	193	0	0	0	0	0	16113	1618	0	0	0	0	0	0	0	0	0	0	3071	0	0	1572	121	0	0	0	0	0	0	0	0	0	0	0	0	0	0	0	0	0	0	0	0	0	1509	0	0	0	0	0	0	0	0	0	0	0	0	0	0	0	0	0	0	0	0	133	0	0	0	0	0	0	0	0	0	0	0	0	0	0	0	0	0	0	0	0	0	0	0	0	0	0	0
109_R2.fasta	109	2	86	10962	2349	0	0	0	0	0	0	0	13343	0	1127	440	195	0	0	0	0	0	13022	1136	1	0	0	0	0	0	0	0	0	0	3294	0	0	1567	123	0	0	0	0	0	0	0	0	0	0	0	0	0	0	0	0	0	0	0	0	0	1478	0	0	0	0	0	0	0	0	0	0	0	0	0	0	0	0	0	0	0	0	135	0	0	0	0	0	0	0	0	0	0	0	0	0	0	0	0	0	0	0	0	0	0	0	0	0	0	0
10_R1.fasta	10	1	3	12753	5	1	0	6	0	0	0	0	20786	2918	1408	425	6	0	0	0	0	0	1907	105	0	0	0	0	0	0	0	0	0	0	2806	3	0	3688	16	4	0	0	0	0	0	0	0	0	0	0	0	0	0	0	0	0	7	6	1	0	0	0	0	0	0	0	0	0	0	0	0	0	0	1	0	0	0	0	0	0	0	0	0	0	0	0	0	0	0	0	0	0	0	0	0	0	0	0	0	0	0	0	0	0	0	0	0	0	0
10_R2.fasta	10	2	3	11976	4	1	0	6	0	0	0	0	20370	2691	1294	565	8	0	0	0	0	0	1457	84	0	0	0	0	0	0	0	0	0	0	2809	3	0	3696	16	1	0	0	0	0	0	0	0	0	0	0	0	0	0	0	0	0	7	6	1	0	0	0	0	0	0	0	0	0	0	0	0	0	0	1	0	0	0	0	0	0	0	0	0	0	0	0	0	0	0	0	0	0	0	0	0	0	0	0	0	0	0	0	0	0	0	0	0	0	0
110_R1.fasta	110	1	8	19129	0	0	0	0	0	0	0	0	8192	2022	461	194	0	0	0	0	0	0	10064	131	0	0	0	0	10	0	0	0	0	0	88	1	0	5165	115	7	0	4	3	0	0	0	0	0	0	0	0	0	31	0	0	0	0	0	0	0	1	0	0	0	0	0	0	0	0	0	0	0	0	0	0	0	0	0	0	0	0	0	0	0	0	0	0	0	0	0	0	0	0	0	0	0	0	0	0	0	0	0	0	0	0	0	0	0	0
110_R2.fasta	110	2	8	18027	0	0	0	0	0	0	0	0	8197	2025	543	193	0	0	0	0	0	0	7790	101	0	0	0	0	11	0	0	0	0	0	86	1	0	5169	115	4	0	2	3	0	0	0	0	0	0	0	0	0	28	0	0	0	0	0	0	0	1	0	0	0	0	0	0	0	0	0	0	0	0	0	0	0	0	0	0	0	0	0	0	0	0	0	0	0	0	0	0	0	0	0	0	0	0	0	0	0	0	0	0	0	0	0	0	0	0
111_R1.fasta	111	1	241	12555	0	0	0	0	0	0	0	0	12410	946	1102	108	0	0	0	20	0	0	13440	346	0	0	0	0	0	0	0	0	0	0	22	0	0	7976	59	1	0	3	1	0	0	0	0	0	0	0	0	0	226	0	0	0	0	0	0	0	0	0	0	0	0	0	0	0	0	0	0	0	0	0	0	0	1	0	0	0	0	0	0	0	0	0	0	2	0	1	1	0	0	0	0	0	0	0	0	0	0	0	0	0	0	0	0	0	0
111_R2.fasta	111	2	237	11789	0	0	0	0	0	0	0	0	12436	949	1288	132	0	0	0	0	0	0	10360	267	0	0	0	0	0	0	0	0	0	0	23	0	0	7975	56	1	0	2	1	0	0	0	0	0	0	0	0	0	187	0	0	0	0	0	0	0	0	0	0	0	0	0	0	0	0	0	0	0	0	0	0	0	1	0	0	0	0	0	0	0	0	0	0	2	0	0	0	0	0	0	0	0	0	0	0	0	0	0	0	0	0	0	0	0	0
112_R1.fasta	112	1	652	20268	0	1	0	1	0	0	0	0	7594	159	1319	214	0	0	0	31	0	0	9525	1072	0	0	0	0	3	0	0	0	0	0	48	1	0	7597	102	0	0	8	0	0	0	0	0	0	0	0	0	0	118	0	0	0	0	0	1	0	1	0	0	1	0	0	0	0	0	0	0	0	0	4	0	0	0	0	0	0	0	0	0	0	0	0	0	0	0	0	0	0	0	0	0	0	0	0	0	0	0	0	0	0	0	0	0	0	0
112_R2.fasta	112	2	650	19102	1	1	0	0	0	0	0	0	7612	160	1517	224	0	0	0	0	0	0	7429	826	0	0	0	0	3	0	0	0	0	0	46	1	0	7606	102	0	0	7	0	0	0	0	0	0	0	0	0	0	101	0	0	0	0	0	1	0	0	0	0	1	0	0	0	0	0	0	0	0	0	4	0	0	0	0	0	0	0	0	0	0	0	0	0	0	0	0	0	0	0	0	0	0	0	0	0	0	0	0	0	0	0	0	0	0	0
113_R1.fasta	113	1	493	11311	1366	786	0	0	0	0	0	0	15620	14	84	5348	76	82	0	19	0	0	119	190	0	1	0	2	0	6	0	0	0	0	607	143	50	62	80	0	0	4	1	1	0	0	0	0	28	0	0	0	0	0	0	0	273	27	31	4	169	6	0	0	4	0	10	3	0	0	0	0	0	83	3	0	1	1435	2	0	0	14	0	0	0	0	0	1	0	5	0	3	0	0	0	0	0	11	0	0	0	0	53	43	0	0	0	0	0
113_R2.fasta	113	2	494	10239	1322	1033	0	0	0	0	0	0	15804	17	79	5363	75	83	3	2	0	0	94	145	0	1	0	2	0	6	0	0	0	0	586	138	10	64	83	0	0	15	0	1	0	0	0	0	28	0	0	0	0	0	0	0	271	23	27	4	143	6	0	0	4	0	10	0	0	0	0	0	0	81	3	0	2	1349	0	0	0	12	0	0	0	0	0	6	0	3	0	3	0	0	0	0	0	10	0	0	0	0	52	44	0	0	0	0	0
114_R1.fasta	114	1	0	4	0	0	0	0	0	0	0	0	5	0	0	0	0	0	0	0	0	0	6	0	0	0	0	0	0	0	0	0	0	0	1	0	0	0	0	1	0	1	0	0	0	0	0	0	0	0	0	0	0	0	0	0	0	0	0	2	0	0	0	0	0	0	0	0	0	0	0	0	0	1	0	0	0	0	0	0	0	0	0	0	0	0	0	0	0	0	0	0	0	0	0	0	0	0	0	0	0	0	0	0	0	0	0	0	0
114_R2.fasta	114	2	0	2	0	0	0	0	0	0	0	0	5	0	0	0	0	0	0	0	0	0	5	0	0	0	0	0	0	0	0	0	0	0	1	0	0	0	0	0	0	1	0	0	0	0	0	0	0	0	0	0	0	0	0	0	0	1	0	2	0	0	0	0	0	0	0	0	0	0	0	0	0	1	0	0	0	0	0	0	0	0	0	0	0	0	0	0	0	0	0	0	0	0	0	0	0	0	0	0	0	0	0	0	0	0	0	0	0
115_R1.fasta	115	1	185	16726	3326	0	0	0	0	0	0	0	7189	2010	1293	673	120	0	0	0	0	0	7678	11	0	0	0	0	0	0	0	0	0	0	2660	0	0	2120	20	0	0	0	0	0	0	0	0	0	0	0	0	0	0	0	0	0	0	0	0	0	401	0	0	0	0	0	0	0	0	0	0	0	0	0	0	0	0	0	0	0	0	0	0	0	0	0	0	0	0	0	0	0	0	0	0	0	0	0	0	0	0	0	0	0	0	0	0	0	0
115_R2.fasta	115	2	184	15632	3281	0	0	0	0	0	0	0	7639	1989	1155	702	119	0	0	0	0	0	5918	13	0	0	0	0	0	0	0	0	0	0	2797	0	0	2124	20	0	0	0	0	0	0	0	0	0	0	0	0	0	0	0	0	0	0	0	0	0	394	0	0	0	0	0	0	0	0	0	0	0	0	0	0	0	0	0	0	0	0	0	0	0	0	0	0	0	0	0	0	0	0	0	0	0	0	0	0	0	0	0	0	0	0	0	0	0	0
116_R1.fasta	116	1	323	17000	3150	0	0	2	0	0	0	0	6151	365	742	299	319	0	0	0	0	0	4466	2695	1	0	0	0	0	0	0	0	0	0	1618	1	0	4190	30	3	0	1	0	0	0	0	0	0	0	0	0	0	0	0	0	0	0	1	0	0	4935	0	0	0	0	0	0	0	0	0	0	0	0	0	0	0	2	0	0	0	0	0	0	0	0	0	0	0	0	0	0	0	0	0	0	0	0	0	0	0	0	0	0	0	0	0	0	0	0
116_R2.fasta	116	2	320	15862	3138	0	0	2	0	0	0	0	6366	357	672	315	315	0	0	0	0	0	3554	1962	0	0	0	0	0	0	0	0	0	0	1967	1	0	4177	29	2	0	1	0	0	0	0	0	0	0	0	0	0	0	0	0	0	0	1	0	0	4836	0	0	0	0	0	0	0	0	0	0	0	0	0	0	0	0	0	0	0	0	0	0	0	0	0	0	0	0	0	0	0	0	0	0	0	0	0	0	0	0	0	0	0	0	0	0	0	0
117_R1.fasta	117	1	430	29093	6231	0	0	4	0	0	0	0	15285	0	582	910	249	0	0	0	0	0	6	212	0	0	0	0	0	0	0	0	0	0	3607	1	0	1814	32	4	0	4	1	0	0	0	0	0	0	0	0	0	0	0	0	0	0	2	0	0	267	0	0	1	0	0	0	0	0	0	0	0	0	1	0	0	10	0	0	0	0	0	0	0	0	0	0	1	0	0	0	0	0	0	0	0	0	0	0	0	0	0	0	0	0	0	0	0	0
117_R2.fasta	117	2	422	27504	6153	0	0	4	0	0	0	0	16035	0	523	922	249	0	0	0	0	0	5	145	0	0	0	0	0	0	0	0	0	0	3954	1	0	1820	31	3	0	2	1	0	0	0	0	0	0	0	0	0	0	0	0	0	0	1	0	0	259	0	0	1	0	0	0	0	0	0	0	0	0	1	0	0	0	0	0	0	0	0	0	0	0	0	0	1	0	0	0	0	0	0	0	0	0	0	0	0	0	0	0	0	0	0	0	0	0
118_R1.fasta	118	1	465	18678	3637	1	0	0	0	0	0	0	10363	159	236	1648	105	0	0	0	0	0	0	80	0	0	0	0	0	0	0	0	0	0	2024	0	0	1906	27	0	0	0	0	0	0	0	0	0	0	0	0	0	0	0	0	0	0	0	0	0	95	0	0	0	0	0	0	0	0	0	0	0	0	0	0	0	0	0	0	0	0	0	0	0	0	0	0	0	0	0	0	0	0	0	0	0	0	0	1	0	0	0	0	0	0	0	0	0	0
118_R2.fasta	118	2	459	17359	3589	1	0	0	0	0	0	0	10883	166	221	1653	102	0	0	0	0	0	0	61	0	0	0	0	0	0	0	0	0	0	2223	0	0	1893	27	0	0	0	0	0	0	0	0	0	0	0	0	0	0	0	0	0	0	0	0	0	93	0	0	0	0	0	0	0	0	0	0	0	0	0	0	0	0	0	0	0	0	0	0	0	0	0	0	0	0	0	0	0	0	0	0	0	0	0	0	0	0	0	0	0	0	0	0	0	0
119_R1.fasta	119	1	500	11905	1366	1409	0	1	0	1	0	0	24003	11	29	8027	98	27	0	17	0	0	25	37	1	1	0	2	0	0	0	0	0	0	685	546	10	4	82	0	0	2	0	0	0	0	0	0	2	0	0	0	0	0	0	0	72	3	2	0	33	0	0	0	0	0	1	0	0	0	0	0	0	10	0	0	0	668	0	0	0	14	0	0	0	0	0	0	0	0	0	0	0	0	0	0	0	0	0	0	0	0	5	0	0	0	0	0	0
119_R2.fasta	119	2	490	10922	1355	1887	0	1	0	1	0	0	24459	10	32	7927	97	27	0	2	0	0	21	28	1	1	0	2	0	0	0	0	0	0	607	528	9	4	83	0	0	1	0	0	0	0	0	0	2	0	0	0	0	0	0	0	71	4	2	0	31	0	0	0	0	0	1	0	0	0	0	0	0	11	0	0	0	657	0	0	0	13	0	0	0	0	0	0	0	0	0	0	0	0	0	0	0	0	0	0	0	0	5	0	0	0	0	0	0
11_R1.fasta	11	1	177	12715	3959	4	0	0	0	0	0	0	9224	284	663	663	421	1	0	0	0	0	7126	39	0	0	0	0	0	0	0	0	0	0	1857	3	0	2059	9	0	0	1	0	0	0	0	0	0	0	0	0	0	5	0	0	0	7	0	1	0	412	0	0	0	0	0	0	0	0	0	0	0	0	1	0	0	0	0	0	0	0	0	0	0	0	0	0	0	0	0	0	0	0	0	0	0	0	0	0	0	0	0	0	0	0	0	0	0	0
11_R2.fasta	11	2	179	11845	3930	4	0	0	0	0	0	0	9401	264	609	675	427	1	0	0	0	0	5717	27	0	0	0	0	0	0	0	0	0	0	2156	3	0	2039	8	0	0	1	0	0	0	0	0	0	0	0	0	0	5	0	0	0	6	0	1	0	399	0	0	0	0	0	0	0	0	0	0	0	0	1	0	0	0	0	0	0	0	0	0	0	0	0	0	0	0	0	0	0	0	0	0	0	0	0	0	0	0	0	0	0	0	0	0	0	0
120_R1.fasta	120	1	54	13028	140	0	0	0	0	0	0	0	11593	1235	1148	1492	24	0	0	0	0	0	20316	63	0	0	0	0	0	0	0	0	0	0	2320	0	0	1793	25	0	0	4	4	0	0	0	0	0	0	0	0	0	0	0	0	0	0	0	0	0	843	0	0	0	5	16	0	0	0	0	0	0	0	2	0	0	1	0	0	0	0	0	0	0	0	0	0	0	0	0	0	0	0	0	0	0	0	0	0	0	0	0	0	0	0	0	0	0	0
120_R2.fasta	120	2	54	12505	144	0	0	0	0	0	0	0	11697	1065	1058	1311	24	0	0	0	0	0	16093	60	0	0	0	0	0	0	0	0	0	0	2793	0	0	1804	24	0	0	2	1	0	0	0	0	0	0	0	0	0	0	0	0	0	0	0	0	0	828	0	0	0	5	16	0	0	0	0	0	0	0	2	0	0	0	0	0	0	0	0	0	0	0	0	0	0	0	0	0	0	0	0	0	0	0	0	0	0	0	0	0	0	0	0	0	0	0
121_R1.fasta	121	1	73	19064	1039	0	0	0	0	0	0	0	15588	225	309	1219	52	0	0	0	0	0	7338	22	0	0	0	0	0	0	0	0	0	0	1966	1	0	2399	13	0	0	0	0	0	0	0	0	0	0	0	0	0	0	0	0	0	0	0	0	0	303	0	0	0	0	0	0	0	0	0	0	0	0	0	0	0	0	0	0	0	0	0	0	0	0	0	0	0	0	0	0	0	0	0	0	0	0	0	0	0	0	0	0	0	0	0	0	0	0
121_R2.fasta	121	2	72	18150	1032	0	0	0	0	0	0	0	15894	225	284	1065	52	0	0	0	0	0	5632	17	0	0	0	0	0	0	0	0	0	0	2251	1	0	2403	13	0	0	0	0	0	0	0	0	0	0	0	0	0	0	0	0	0	0	0	0	0	298	0	0	0	0	0	0	0	0	0	0	0	0	0	0	0	0	0	0	0	0	0	0	0	0	0	0	0	0	0	0	0	0	0	0	0	0	0	0	0	0	0	0	0	0	0	0	0	0
122_R1.fasta	122	1	456	17777	3643	0	0	0	0	0	0	0	17040	5	61	2696	173	0	0	0	0	0	880	425	0	0	0	0	0	0	0	0	0	0	2204	0	0	3414	34	0	0	0	0	0	0	0	0	0	0	0	0	0	3	0	0	0	0	0	0	0	263	0	0	0	0	0	0	0	0	0	0	0	0	0	0	0	0	0	0	0	0	0	0	0	0	0	0	0	0	0	0	0	0	0	0	0	0	0	0	0	0	0	0	0	0	0	0	0	0
122_R2.fasta	122	2	452	16789	3617	0	0	0	0	0	0	0	17433	5	56	2144	174	0	0	0	0	0	678	327	0	0	0	0	0	0	0	0	0	0	2321	0	0	3423	39	0	0	0	0	0	0	0	0	0	0	0	0	0	3	0	0	0	0	0	0	0	260	0	0	0	0	0	0	0	0	0	0	0	0	0	0	0	0	0	0	0	0	0	0	0	0	0	0	0	0	0	0	0	0	0	0	0	0	0	0	0	0	0	0	0	0	0	0	0	0
12_R1.fasta	12	1	221	6831	1908	0	0	4	0	0	0	0	7328	16	567	543	71	0	0	0	0	0	2900	174	0	0	0	0	0	0	0	0	0	0	1156	1	0	1407	12	3	0	0	0	0	0	0	0	0	0	0	0	0	1	0	0	0	4	1	3	0	570	0	0	0	0	0	0	0	0	0	0	0	0	0	0	0	0	0	0	0	0	0	0	0	0	0	0	0	0	0	0	0	0	0	0	0	0	0	0	0	0	0	0	0	0	0	0	0	0
12_R2.fasta	12	2	222	6448	1894	1	0	4	0	0	0	0	7419	15	516	553	70	0	0	0	0	0	2325	123	0	0	0	0	0	0	0	0	0	0	1199	1	0	1413	12	0	0	0	0	0	0	0	0	0	0	0	0	0	1	0	0	0	3	1	3	0	566	0	0	0	0	0	0	0	0	0	0	0	0	0	0	0	0	0	0	0	0	0	0	0	0	0	0	0	0	0	0	0	0	0	0	0	0	0	0	0	0	0	0	0	0	0	0	0	0
13_R1.fasta	13	1	180	10427	2655	2	0	0	0	0	0	0	12246	81	900	490	141	0	0	0	0	0	25037	183	0	0	0	0	0	0	0	0	0	0	1749	1	0	1995	26	1	0	0	1	0	0	0	0	0	0	0	0	0	6	0	0	0	2	1	2	1	2057	0	0	0	0	0	0	0	0	0	0	0	0	2	0	0	0	0	0	0	0	0	0	0	0	0	0	0	0	0	0	0	0	0	0	0	0	0	0	0	0	0	0	0	0	0	0	0	0
13_R2.fasta	13	2	180	9789	2630	2	0	0	0	0	0	0	12347	79	830	503	141	0	0	0	0	0	19848	133	0	0	0	0	0	0	0	0	0	0	2191	1	0	1994	26	0	0	0	1	0	0	0	0	0	0	0	0	0	6	0	0	0	2	1	2	1	2028	0	0	0	0	0	0	0	0	0	0	0	0	2	0	0	0	0	0	0	0	0	0	0	0	0	0	0	0	0	0	0	0	0	0	0	0	0	0	0	0	0	0	0	0	0	0	0	0
14_R1.fasta	14	1	64	8887	5800	1	0	0	0	0	0	0	12940	33	1167	421	120	0	0	0	0	0	8116	1575	0	0	0	0	0	0	0	0	0	0	2117	0	0	1693	8	0	0	2	0	0	0	0	0	0	0	0	0	0	3	0	0	0	0	1	0	0	2098	0	0	0	0	1	0	0	0	0	0	0	0	2	0	0	0	0	0	0	0	0	0	0	0	0	0	0	0	0	0	0	0	0	0	0	0	0	0	0	0	0	0	0	0	0	0	0	0
14_R2.fasta	14	2	63	8269	5755	1	0	0	0	0	0	0	13000	27	1048	433	127	0	0	0	0	0	6535	1107	1	0	0	0	0	0	0	0	0	0	2249	0	0	1690	9	0	0	1	0	0	0	0	0	0	2	0	0	0	2	0	0	0	0	1	0	0	2066	0	0	0	0	1	0	0	0	0	0	0	0	2	0	0	0	0	0	0	0	0	0	0	0	0	0	0	0	0	0	0	0	0	0	0	0	0	0	0	0	0	0	0	0	0	0	0	0
15_R1.fasta	15	1	172	13878	3740	0	0	0	0	0	0	0	17607	2	907	976	105	0	0	0	0	0	11247	180	0	0	0	0	0	0	0	0	0	0	2080	0	0	2333	44	1	0	1	2	0	0	0	0	0	0	0	0	0	7	0	0	0	0	0	0	1	447	0	0	0	0	0	0	0	0	0	0	0	0	7	0	0	1	0	0	0	0	0	0	0	0	0	0	0	0	0	0	0	0	0	0	0	0	0	0	0	0	0	0	0	0	0	0	0	0
15_R2.fasta	15	2	169	12934	3702	0	0	0	0	0	0	0	17687	2	831	978	107	0	0	0	0	0	8790	144	0	0	0	0	0	0	0	0	0	0	2261	0	0	2342	45	1	0	1	2	0	0	0	0	0	0	0	0	0	3	0	0	0	0	0	0	1	434	0	0	0	0	0	0	0	0	0	0	0	0	7	0	0	0	0	0	0	0	0	0	0	0	0	0	0	0	0	0	0	0	0	0	0	0	0	0	0	0	0	0	0	0	0	0	0	0
16_R1.fasta	16	1	191	10603	3061	0	0	0	0	0	0	0	7797	4	177	765	19	0	0	0	0	0	2818	46	0	0	0	0	0	0	0	0	0	0	1505	0	0	2529	42	0	0	0	0	0	0	0	0	0	0	0	0	0	0	0	0	0	0	0	0	0	150	0	0	0	0	0	0	0	0	0	0	0	0	0	0	1	0	0	0	0	0	0	0	0	0	0	0	0	0	0	0	0	0	0	0	0	0	0	0	0	0	0	0	0	0	0	0	0	0
16_R2.fasta	16	2	192	10091	3033	0	0	0	0	0	0	0	7889	4	168	822	19	0	0	0	0	0	2209	37	0	0	0	0	0	0	0	0	0	0	1366	0	0	2527	43	0	0	0	0	0	0	0	0	0	0	0	0	0	0	0	0	0	0	0	0	0	147	0	0	0	0	0	0	0	0	0	0	0	0	0	0	1	0	0	0	0	0	0	0	0	0	0	0	0	0	0	0	0	0	0	0	0	0	0	0	0	0	0	0	0	0	0	0	0	0
18_R1.fasta	18	1	188	4372	347	380	0	0	3	0	0	0	7278	23	242	1688	24	200	0	27	1	0	212	52	0	6	0	5	0	0	0	0	0	0	374	112	11	121	20	1	0	0	0	3	0	0	0	0	4	0	0	0	0	0	1	0	75	2	9	0	40	2	4	0	0	6	3	0	0	0	0	0	3	45	0	1	2	102	0	1	0	19	0	0	0	0	0	0	0	0	0	5	0	0	0	0	0	3	0	0	0	2	1	0	0	0	0	0	0
18_R2.fasta	18	2	185	3888	335	389	0	0	2	0	0	0	7180	24	229	1575	27	189	7	16	0	0	158	39	0	4	0	2	0	0	0	0	0	0	336	111	12	120	16	1	0	0	0	3	0	0	0	0	3	0	0	0	0	0	2	0	62	1	9	0	34	3	2	0	0	4	2	0	0	0	0	0	0	42	0	1	2	77	0	0	0	18	0	0	0	0	0	1	0	0	0	4	0	0	0	0	0	1	0	0	0	1	1	0	0	0	0	0	0
19_R1.fasta	19	1	381	16889	4079	0	0	0	0	0	0	0	8968	0	360	614	163	0	0	0	0	0	461	3473	0	0	0	0	0	0	0	0	0	0	1380	0	0	4318	27	0	0	0	0	0	0	0	0	0	0	0	0	0	0	0	0	0	0	0	0	0	126	0	0	0	0	0	0	0	0	0	0	0	0	0	0	0	0	0	0	0	0	167	0	0	0	0	0	0	0	0	0	0	0	0	0	0	0	0	0	0	0	0	0	0	0	0	0	0	0
19_R2.fasta	19	2	382	15839	4070	0	0	0	0	0	0	0	9185	0	334	635	164	0	11	0	0	0	373	2461	0	0	0	0	0	0	0	0	0	0	1431	0	0	4310	31	0	0	0	0	0	0	0	0	0	0	0	0	0	0	0	0	0	0	0	0	0	124	0	0	0	0	0	0	0	0	0	0	0	0	0	0	0	0	0	0	0	0	164	0	0	0	0	0	0	0	0	0	0	0	0	0	0	0	0	0	0	0	0	0	0	0	0	0	0	1
1_R1.fasta	1	1	207	24532	3210	0	0	0	0	0	0	0	10671	433	1283	713	1145	0	0	0	0	0	11851	8	0	0	0	0	0	0	0	0	0	0	4073	0	0	3140	134	0	0	0	0	0	0	0	0	0	0	0	0	0	0	0	0	0	0	0	0	0	658	0	0	0	0	0	0	0	0	0	0	0	0	0	0	0	0	0	0	0	0	357	0	0	0	0	0	0	0	0	0	0	0	0	0	0	0	0	0	0	0	0	0	0	0	0	0	0	0
1_R2.fasta	1	2	206	23144	3174	0	0	0	0	0	0	0	11296	424	1185	728	1147	0	0	0	0	0	9615	11	0	0	0	0	0	0	0	0	0	0	4333	0	0	3130	126	0	0	0	0	0	0	0	0	0	0	0	0	0	0	0	0	0	0	0	0	0	644	0	0	0	0	0	0	0	0	0	0	0	0	0	0	0	0	0	0	0	0	351	0	0	0	0	0	0	0	0	0	0	0	0	0	0	0	0	0	0	0	0	0	0	0	0	0	0	0
20_R1.fasta	20	1	457	11739	2551	0	0	0	0	0	0	0	10084	2	163	431	161	0	0	0	0	0	3564	20	0	0	0	0	0	0	0	0	0	0	1452	0	0	2325	30	0	0	0	0	0	0	0	0	0	0	0	0	0	0	0	0	0	0	0	0	0	108	0	0	0	0	0	0	0	0	0	0	0	0	0	0	0	0	0	0	0	0	131	0	0	0	0	0	0	0	0	0	0	0	0	0	0	0	0	0	0	0	0	0	0	0	0	0	0	0
20_R2.fasta	20	2	453	10927	2508	1	0	0	0	0	0	0	10266	1	153	434	160	0	0	0	0	0	2892	16	0	0	0	0	0	0	0	0	0	0	1532	0	0	2319	33	0	0	0	0	0	0	0	0	0	0	0	0	0	0	0	0	0	0	0	0	0	108	0	0	0	0	0	0	0	0	0	0	0	0	0	0	0	0	0	0	0	0	132	0	0	0	0	0	0	0	0	0	0	0	0	0	0	0	0	0	0	0	0	0	0	0	0	0	0	0
21_R1.fasta	21	1	600	11336	3	0	0	0	0	0	0	0	5879	705	900	355	0	0	0	58	0	0	1721	258	1	0	1	1	0	1	0	0	0	0	15	2	0	2926	118	0	0	0	1	0	0	0	0	0	0	0	0	0	59	0	0	0	6	0	0	3	0	0	0	0	0	0	0	0	0	0	0	0	0	5	0	0	0	0	0	0	0	0	0	0	0	0	0	0	0	0	0	0	0	0	0	0	0	0	0	0	0	0	0	0	0	0	0	0	0
21_R2.fasta	21	2	592	10771	2	0	0	0	0	0	0	0	5899	698	988	354	0	0	0	0	0	0	1349	200	1	0	0	1	0	0	0	0	0	0	15	2	0	2919	117	0	0	0	1	0	0	0	0	0	0	0	0	0	48	0	0	0	6	0	0	3	0	0	0	0	0	0	0	0	0	0	0	0	0	5	0	0	0	0	0	0	0	0	0	0	0	0	0	0	0	0	0	0	0	0	0	0	0	0	0	0	0	0	0	0	0	0	0	0	0
22_R1.fasta	22	1	19	8918	847	2	0	0	0	0	0	0	9048	125	1092	190	0	0	0	0	0	0	8391	49	0	0	0	0	0	0	0	0	0	0	967	0	0	805	17	0	0	0	2	0	0	0	0	0	0	0	0	0	0	0	0	0	0	0	0	1	289	0	0	0	0	0	0	0	0	0	0	0	0	0	0	0	0	0	0	0	0	0	0	0	0	0	0	1	0	1	0	0	0	0	0	0	0	0	0	0	0	0	0	0	0	0	0	0	0
22_R2.fasta	22	2	19	8448	843	1	0	0	0	0	0	0	9079	110	1033	187	0	0	0	0	0	0	6830	45	0	0	0	0	0	0	0	0	0	0	1194	0	0	801	18	0	0	0	1	0	0	0	0	0	0	0	0	0	0	0	0	0	0	0	0	1	281	0	0	0	0	0	0	0	0	0	0	0	0	0	0	0	0	0	0	0	0	0	0	0	0	0	0	1	0	0	0	0	0	0	0	0	0	0	0	0	0	0	0	0	0	0	0	0	0
23_R1.fasta	23	1	149	12252	2246	6	0	0	0	0	0	0	2742	38	411	381	0	0	0	0	0	0	6610	15	1	0	0	0	0	0	0	0	0	0	923	4	0	1117	60	0	0	2	2	0	0	0	0	0	0	0	0	0	0	0	0	0	9	0	1	0	373	0	0	0	0	0	0	0	0	0	0	0	0	3	0	0	0	0	0	0	0	0	0	0	0	0	0	0	0	0	0	0	0	0	0	0	0	0	0	0	0	0	0	0	0	0	0	0	0
23_R2.fasta	23	2	146	11636	2220	6	0	0	0	0	0	0	5895	30	379	387	0	0	0	0	0	0	5363	14	1	0	0	0	0	0	0	0	0	0	1266	4	0	1111	60	0	0	1	2	0	0	0	0	0	0	0	0	0	0	0	0	0	9	0	1	0	366	0	0	0	0	0	0	0	0	0	0	0	0	2	0	0	0	0	0	0	0	0	0	0	0	0	0	0	0	0	0	0	0	0	0	0	0	0	0	0	0	0	0	0	0	0	0	0	0
24_R1.fasta	24	1	121	10398	2428	1	0	0	0	0	0	0	5949	1	195	1263	112	0	0	0	0	0	983	12	1	0	0	0	0	0	0	0	0	0	896	1	0	1977	48	0	0	5	0	0	0	0	0	0	2	0	0	0	0	0	0	0	0	0	0	1	84	0	0	0	1	0	0	1	0	0	0	0	0	0	0	0	0	0	0	0	0	0	0	0	0	0	0	0	0	0	0	0	0	0	0	0	0	0	0	0	0	0	0	0	0	0	0	0	0
24_R2.fasta	24	2	121	9836	2376	1	0	0	0	0	0	0	6490	1	174	1253	112	0	0	0	0	0	786	10	1	0	0	0	0	0	0	0	0	0	972	1	0	1972	44	0	0	4	0	0	0	0	0	0	2	0	0	0	0	0	0	0	0	0	0	1	80	0	0	0	1	0	0	1	0	0	0	0	0	0	0	0	0	0	0	0	0	0	0	0	0	0	0	0	0	0	0	0	0	0	0	0	0	0	0	0	0	0	0	0	0	0	0	0	0
25_R1.fasta	25	1	218	8157	2425	1	0	0	0	0	0	0	6655	0	176	258	65	0	0	0	0	0	236	235	1	0	0	1	0	0	0	0	0	0	678	0	0	1055	36	0	0	0	1	0	0	0	0	0	0	0	0	0	0	0	0	0	0	0	0	0	95	0	0	0	0	0	0	0	0	0	0	0	0	2	0	0	0	0	0	0	0	0	0	0	0	0	0	0	0	0	0	0	0	0	0	0	0	0	0	0	0	0	0	0	0	0	0	0	0
25_R2.fasta	25	2	215	7751	2411	0	0	0	0	0	0	0	7209	0	166	241	64	0	0	0	0	0	200	162	1	0	0	1	0	0	0	0	0	0	766	0	0	1055	36	0	0	0	1	0	0	0	0	0	0	0	0	0	0	0	0	0	0	0	0	0	92	0	0	0	0	0	0	0	0	0	0	0	0	1	0	0	0	0	0	0	0	0	0	0	0	0	0	0	0	0	0	0	0	0	0	0	0	0	0	0	0	0	0	0	0	0	0	0	0
26_R1.fasta	26	1	0	9526	0	0	0	0	0	0	0	0	8271	1	633	20	31	0	0	0	0	0	4	87	0	0	0	0	0	0	0	0	0	0	2360	0	0	1616	0	0	0	0	0	0	0	0	0	0	0	0	0	0	0	0	0	0	0	0	0	0	0	0	0	0	0	0	0	0	0	0	0	0	0	0	0	0	0	0	0	0	0	0	0	0	0	0	0	0	0	0	0	0	0	0	0	0	0	0	0	0	0	0	0	0	0	0	0	0	0
26_R2.fasta	26	2	0	8978	0	0	0	0	0	0	0	0	8462	1	573	21	31	0	0	0	0	0	4	73	0	0	0	0	0	0	0	0	0	0	2218	0	0	1611	0	0	0	0	0	0	0	0	0	0	0	0	0	0	0	0	0	0	0	0	0	0	0	0	0	0	0	0	0	0	0	0	0	0	0	0	0	0	0	0	0	0	0	0	0	0	0	0	0	0	0	0	0	0	0	0	0	0	0	0	0	0	0	0	0	0	0	0	0	0	0
27_R1.fasta	27	1	182	6676	407	1409	0	0	0	0	0	0	7691	144	683	1401	24	1939	0	167	2	0	604	4092	0	17	0	96	0	3	0	0	0	0	1199	489	13	170	27	0	0	1	0	1	0	0	0	0	8	0	0	0	0	0	0	0	4914	403	338	0	402	1	1	0	0	0	3	0	0	0	0	0	0	44	0	0	0	108	0	0	0	19	0	0	0	0	0	0	0	0	0	0	0	2	0	0	0	1	0	0	0	0	5	1	0	0	1	0	0
27_R2.fasta	27	2	187	6199	405	1518	0	0	0	0	0	0	7796	154	672	1415	28	1949	6	157	0	0	483	2817	3	15	0	93	0	3	0	0	0	0	1179	470	12	169	26	0	0	4	0	1	0	0	0	0	7	0	0	0	0	0	0	0	4875	539	318	0	386	0	1	0	0	0	3	0	0	0	0	0	0	44	0	0	0	105	0	0	0	18	0	0	0	0	0	0	0	0	0	0	0	2	0	0	0	1	0	0	0	0	5	1	0	0	2	0	0
28_R1.fasta	28	1	11	858	99	1	0	0	0	0	0	0	357	111	37	68	23	1	0	0	0	0	10900	228	0	0	0	0	0	0	0	0	0	0	273	1	0	59	2	0	0	1	0	0	0	0	0	0	0	0	0	0	0	0	0	0	0	0	0	0	239	0	0	0	0	0	0	0	0	0	0	0	0	0	0	0	0	0	0	0	0	0	0	0	0	0	0	0	0	0	0	0	0	0	0	0	0	0	0	0	0	0	0	0	0	0	0	0	0
28_R2.fasta	28	2	11	802	99	1	0	0	0	0	0	0	376	107	32	70	23	1	0	0	0	0	8812	170	0	0	0	0	0	0	0	0	0	0	292	0	0	60	2	0	0	1	0	0	0	0	0	0	0	0	0	0	0	0	0	0	0	0	0	0	233	0	0	0	0	0	0	0	0	0	0	0	0	0	0	0	0	0	0	0	0	0	0	0	0	0	0	0	0	0	0	0	0	0	0	0	0	0	0	0	0	0	0	0	0	0	0	0	0
29_R1.fasta	29	1	74	12346	680	306	2	7	0	0	0	0	9702	116	367	156	28	20	0	3	0	0	1868	24	0	0	0	1	0	0	0	0	0	0	1698	47	0	621	24	0	0	12	0	0	0	0	0	0	0	0	0	0	0	0	0	8	128	9	9	0	450	0	0	0	0	0	0	0	0	0	0	0	0	6	0	0	0	0	0	0	0	0	0	0	0	0	0	0	0	0	0	0	0	0	0	0	0	0	0	0	0	0	0	9	0	0	0	0	0
29_R2.fasta	29	2	73	11667	667	325	2	8	0	0	0	0	9783	118	337	157	22	19	0	3	0	0	1482	21	0	0	0	1	0	0	0	0	0	0	1914	47	0	614	25	0	0	11	0	0	0	0	0	0	0	0	0	0	0	0	0	7	125	8	6	0	449	0	0	0	0	0	0	0	0	0	0	0	0	6	0	0	0	0	0	0	0	0	0	0	0	0	0	0	0	0	0	0	0	0	0	0	0	0	0	0	0	0	0	9	0	0	0	0	0
2_R1.fasta	2	1	0	12447	1865	0	0	0	0	0	0	0	3610	12844	1581	584	0	0	0	0	0	0	13356	79	0	0	0	0	0	0	0	0	0	0	2004	0	0	2	0	0	0	0	0	0	0	0	0	0	0	0	0	0	0	0	0	0	0	0	0	0	843	0	0	0	0	0	0	0	0	0	0	0	0	0	0	0	0	0	0	0	0	0	0	0	0	0	0	0	0	0	0	0	0	0	0	0	0	0	0	0	0	0	0	0	0	0	0	0	0
2_R2.fasta	2	2	0	11675	1848	0	0	0	0	0	0	0	5687	12627	1446	582	0	0	0	0	0	0	10804	63	0	0	0	0	0	0	0	0	0	0	1901	0	0	1	0	0	0	0	0	0	0	0	0	0	0	0	0	0	0	0	0	0	0	0	0	0	836	0	0	0	0	0	0	0	0	0	0	0	0	0	0	0	0	0	0	0	0	0	0	0	0	0	0	0	0	0	0	0	0	0	0	0	0	0	0	0	0	0	0	0	0	0	0	0	0
30_R1.fasta	30	1	189	11799	2762	1	0	1	0	0	0	0	7521	286	135	493	64	0	0	0	0	0	15	44	2	0	5	0	0	0	0	0	0	0	1317	0	0	747	21	0	0	0	0	0	0	0	0	0	0	0	0	0	0	0	0	0	0	0	0	1	56	0	0	0	0	0	0	0	0	0	0	0	0	6	0	0	1	0	0	0	0	0	0	0	0	0	0	0	0	0	0	0	0	0	0	0	0	0	0	0	0	0	0	0	0	0	0	0	0
30_R2.fasta	30	2	185	11219	2750	0	0	1	0	0	0	0	7677	273	123	497	67	1	0	0	0	0	11	34	2	0	2	0	0	0	0	0	0	0	1360	0	0	752	21	0	0	0	0	0	0	0	0	0	0	0	0	0	0	0	0	0	0	0	0	1	57	0	0	0	0	0	0	0	0	0	0	0	0	5	0	0	0	0	0	0	0	0	0	0	0	0	0	0	0	0	0	0	0	0	0	0	0	0	0	0	0	0	0	0	0	0	0	0	0
31_R1.fasta	31	1	225	12295	2431	0	0	0	0	0	0	0	9372	4	306	930	113	0	0	0	0	0	4	556	0	0	0	0	0	0	0	0	0	0	1934	0	0	2037	25	0	0	0	0	0	0	0	0	0	0	0	0	0	1	0	0	0	2	0	0	0	765	0	0	0	0	0	0	0	0	0	0	0	0	1	0	0	0	0	0	0	0	0	0	0	0	0	0	0	0	0	0	0	0	0	0	0	0	0	0	0	0	0	0	0	0	0	0	0	0
31_R2.fasta	31	2	216	11608	2407	0	0	0	0	0	0	0	9472	4	273	936	118	0	0	0	0	0	3	377	0	0	0	0	0	0	0	0	0	0	2100	0	0	2038	22	0	0	0	0	0	0	0	0	0	0	0	0	0	1	0	0	0	0	0	0	0	751	0	0	0	0	0	0	0	0	0	0	0	0	1	0	0	0	0	0	0	0	0	0	0	0	0	0	0	0	0	0	0	0	0	0	0	0	0	0	0	0	0	0	0	0	0	0	0	0
32_R1.fasta	32	1	111	9467	499	0	0	0	0	0	0	0	5318	332	12	513	19	0	0	0	0	0	23	7	0	0	0	0	0	0	0	0	0	0	1407	1	0	1084	6	1	0	1	0	0	0	0	0	0	0	0	0	0	0	0	0	0	1	0	0	0	92	0	0	0	0	0	0	0	0	0	0	0	0	4	0	0	1	0	0	0	0	0	0	0	0	0	0	0	0	0	0	0	0	0	0	0	0	0	0	0	0	0	0	0	0	0	0	0	0
32_R2.fasta	32	2	112	9130	498	0	0	0	0	0	0	0	5577	335	12	580	19	0	0	0	0	0	19	5	0	0	0	0	0	0	0	0	0	0	1440	1	0	1091	6	0	0	0	0	0	0	0	0	0	2	0	0	0	0	0	0	0	0	1	0	0	88	0	0	0	0	0	0	0	0	0	0	0	0	4	0	0	0	0	0	0	0	0	0	0	0	0	0	0	0	0	0	0	0	0	0	0	0	0	0	0	0	0	0	0	0	0	0	0	0
33_R1.fasta	33	1	148	4355	984	0	0	0	0	0	0	0	6603	17	163	852	42	0	0	0	0	0	7720	43	0	0	0	0	0	0	0	0	0	0	637	0	0	651	50	0	0	0	0	0	0	0	0	0	0	0	0	0	0	0	0	0	0	0	0	0	473	0	0	0	0	0	0	0	0	0	0	0	0	0	0	0	0	0	0	0	0	0	0	0	0	0	0	0	0	0	0	0	0	0	0	0	0	0	0	0	0	0	0	0	0	0	0	0	0
33_R2.fasta	33	2	147	4134	968	0	0	0	0	0	0	0	6677	17	150	677	43	0	0	0	0	0	6043	36	0	0	0	0	0	0	0	0	0	0	722	0	0	655	50	0	0	0	0	0	0	0	0	0	0	0	0	0	0	0	0	0	0	0	0	0	462	0	0	0	0	0	0	0	0	0	0	0	0	0	0	0	0	0	0	0	0	0	0	0	0	0	0	0	0	0	0	0	0	0	0	0	0	0	0	0	0	0	0	0	0	0	0	0	0
35_R1.fasta	35	1	104	8584	1677	0	0	0	0	0	0	0	6525	1	125	291	118	0	0	0	0	0	4730	2763	0	0	0	0	0	0	0	0	0	0	881	0	0	1049	35	0	0	0	0	0	0	0	0	0	0	0	0	0	0	0	0	0	0	0	0	0	667	0	0	0	0	0	0	0	0	0	0	0	0	0	0	1	0	0	0	0	0	105	0	0	0	0	0	0	0	0	0	0	0	0	0	0	0	0	0	0	0	0	0	0	0	0	0	0	0
35_R2.fasta	35	2	103	8002	1650	0	0	0	0	0	0	0	6589	0	115	298	120	0	0	0	0	0	3898	2084	1	0	0	0	0	0	0	0	0	0	1052	0	0	1049	36	0	0	0	0	0	0	0	0	0	0	0	0	0	0	0	0	0	0	0	0	0	656	0	0	0	0	0	0	0	0	0	0	0	0	0	0	1	0	0	0	0	0	104	0	0	0	0	0	0	0	0	0	0	0	0	0	0	0	0	0	0	0	0	0	0	0	0	0	0	0
36_R1.fasta	36	1	145	11404	2076	0	0	0	0	0	0	0	10232	9	217	302	124	0	0	0	0	0	2349	439	0	0	0	0	0	0	0	0	0	0	1093	0	0	1699	29	0	0	0	0	0	0	0	0	0	0	0	0	0	0	0	0	0	0	0	0	0	64	0	0	0	0	0	0	0	0	0	0	0	0	0	0	0	0	0	0	0	0	135	0	0	0	0	0	0	0	0	0	0	0	0	0	0	0	0	0	0	0	0	0	0	0	0	0	0	0
36_R2.fasta	36	2	146	10721	2015	0	0	0	0	0	0	0	10357	8	200	301	125	0	0	0	0	0	1929	318	0	0	0	0	0	0	0	0	0	0	1474	0	0	1696	31	0	0	0	0	0	0	0	0	0	0	0	0	0	0	0	0	0	0	0	0	0	62	0	0	0	0	0	0	0	0	0	0	0	0	0	0	0	0	0	0	0	0	135	0	0	0	0	0	0	0	0	0	0	0	0	0	0	0	0	0	0	0	0	0	0	0	0	0	0	0
37_R1.fasta	37	1	1	10069	2	0	0	0	0	0	0	0	6264	1078	968	82	0	0	0	2	0	0	7907	189	0	0	0	0	0	0	0	0	0	0	12	0	0	4466	58	0	0	1	0	0	0	0	0	0	0	0	0	0	63	0	0	0	0	0	0	0	1	0	0	0	0	0	0	0	0	0	0	0	0	0	0	0	0	0	0	0	0	0	0	0	0	0	0	0	0	0	0	0	0	0	0	0	0	0	0	0	0	0	0	0	0	0	0	0	0
37_R2.fasta	37	2	1	9529	2	0	0	0	0	0	0	0	6313	1092	1146	98	0	0	0	0	0	0	6259	149	0	0	0	0	0	0	0	0	0	0	11	0	0	4458	55	0	0	1	0	0	0	0	0	0	0	0	0	0	51	0	0	0	0	0	0	0	1	0	0	0	0	0	0	0	0	0	0	0	0	0	0	0	0	0	0	0	0	0	0	0	0	0	0	0	0	0	0	0	0	0	0	0	0	0	0	0	0	0	0	0	0	0	0	0	0
38_R1.fasta	38	1	0	16107	1	0	0	0	0	0	0	0	7525	5737	1045	0	0	0	0	21	0	0	2346	161	0	0	0	0	0	0	0	0	0	0	75	0	0	5066	111	0	0	2	0	0	0	0	0	0	0	0	0	0	96	0	0	0	0	0	0	0	0	0	0	0	1	0	0	0	0	0	0	0	0	1	0	1	0	0	0	0	0	0	0	0	0	0	0	0	0	0	0	0	0	0	0	0	0	0	0	0	0	0	0	0	0	0	0	0	0
38_R2.fasta	38	2	0	15307	0	0	0	0	0	0	0	0	7560	5722	1228	0	0	0	0	0	0	0	1823	119	1	0	0	0	0	0	0	0	0	0	73	0	0	5065	109	0	0	2	0	0	0	0	0	0	0	0	0	0	88	0	0	0	0	1	0	0	0	0	0	0	1	0	0	0	0	0	0	0	0	1	0	1	0	0	0	0	0	0	0	0	0	0	0	0	0	0	0	0	0	0	0	0	0	0	0	0	0	0	0	0	0	0	0	0	1
39_R1.fasta	39	1	62	4445	76	1820	0	0	0	0	0	0	3442	16	2020	440	2	5864	0	559	2	0	336	436	12	8	0	400	0	2	0	0	0	0	1702	736	9	7	120	0	0	1	0	0	0	0	0	0	2	0	0	0	1	0	0	0	4183	337	203	4	13	0	0	0	0	1	0	1	0	0	0	0	0	10	0	1	0	18	0	0	0	6	0	0	0	0	0	0	0	0	0	0	0	0	0	0	0	0	0	0	0	0	0	0	0	0	0	1	0
39_R2.fasta	39	2	61	4185	76	1844	0	0	0	0	0	0	3460	15	1983	465	9	5878	6	537	0	0	279	318	11	7	0	398	0	1	0	0	0	0	1682	702	11	6	115	0	0	1	0	0	0	0	0	0	2	0	0	0	1	0	0	0	4175	309	185	5	13	0	0	0	0	1	0	1	0	0	0	0	0	10	0	1	0	13	0	0	0	5	0	0	0	0	0	0	0	0	0	0	0	0	0	0	0	0	0	0	0	0	0	0	0	0	0	1	0
3_R1.fasta	3	1	55	4387	1008	0	0	0	0	0	0	0	4220	28	506	304	64	0	0	0	0	0	10717	3489	0	0	0	0	0	0	0	0	0	0	657	0	0	912	20	0	0	0	0	0	0	0	0	0	0	0	0	0	0	0	0	0	0	0	0	0	1513	0	0	0	0	0	0	0	0	0	0	0	0	0	0	0	0	0	0	0	0	78	0	0	0	0	0	0	0	0	0	0	0	0	0	0	0	0	0	0	0	0	0	0	0	0	0	0	0
3_R2.fasta	3	2	56	4081	997	0	0	0	0	0	0	0	4261	27	453	311	63	0	2	0	0	0	8638	2606	2	0	0	0	0	0	0	0	0	0	775	0	0	911	19	0	0	0	0	0	0	0	0	0	0	0	0	0	0	0	0	0	0	0	0	0	1481	0	0	0	0	0	0	0	0	0	0	0	0	0	0	0	0	0	0	0	0	80	0	0	0	0	0	0	0	0	0	0	0	0	0	0	0	0	0	0	0	0	0	0	0	0	0	0	0
40_R1.fasta	40	1	241	15287	1	1	0	0	0	0	0	0	14754	3176	435	370	1	0	0	0	0	0	2596	19	1	0	0	0	0	0	0	0	0	0	2411	0	0	2358	26	0	0	0	0	0	0	0	0	0	0	0	0	0	0	0	0	0	3	0	0	2	457	0	0	0	0	0	0	0	0	0	0	0	0	0	0	0	0	0	0	0	0	0	0	0	0	0	0	0	0	0	0	0	0	0	0	0	0	0	0	0	0	0	0	0	0	0	0	0	0
40_R2.fasta	40	2	233	14484	1	1	0	0	0	0	0	0	14983	3103	424	355	1	0	0	0	0	0	2084	16	1	0	0	0	0	0	0	0	0	0	2910	0	0	2350	24	0	0	0	0	0	0	0	0	0	0	0	0	0	0	0	0	0	3	1	0	2	456	0	0	0	0	0	0	0	0	0	0	0	0	0	0	0	0	0	0	0	0	0	0	0	0	0	0	0	0	0	0	0	0	0	0	0	0	0	0	0	0	0	0	0	0	0	0	0	0
41_R1.fasta	41	1	203	5693	6	8	0	0	0	0	0	0	10605	4479	185	107	14	3	0	0	0	0	2417	1	0	0	0	0	0	0	0	0	0	0	965	2	0	993	14	0	0	2	0	0	0	0	0	0	0	0	0	0	0	0	0	0	14	0	1	0	109	0	0	0	0	0	0	0	0	0	0	0	0	0	0	0	0	0	0	0	0	0	0	0	0	0	0	0	0	0	0	0	0	0	0	0	0	0	0	0	0	0	0	0	0	0	0	0	0
41_R2.fasta	41	2	198	5315	5	8	0	0	0	0	0	0	10715	4509	167	105	13	3	0	0	0	0	1917	1	0	0	0	0	0	0	0	0	0	0	1228	2	0	993	13	0	0	1	0	0	0	0	0	0	0	0	0	0	0	0	0	0	14	0	1	0	107	0	0	0	0	0	0	0	0	0	0	0	0	0	0	0	0	0	0	0	0	0	0	0	0	0	0	0	0	0	0	0	0	0	0	0	0	0	0	0	0	0	0	0	0	0	0	0	0
42_R1.fasta	42	1	202	4076	2549	2	0	1	0	0	0	0	12999	2129	1208	208	121	0	0	0	0	0	4784	406	0	0	1	0	0	0	0	0	0	0	1340	2	0	707	16	0	0	0	0	0	0	0	0	0	0	0	0	0	0	0	0	1	2	1	1	0	0	0	0	0	0	0	0	0	0	0	0	0	0	0	0	0	0	0	0	0	0	0	0	0	0	0	0	0	0	0	0	0	0	0	0	0	0	0	0	0	0	0	0	0	0	0	0	0	0
42_R2.fasta	42	2	203	3842	2528	2	0	1	0	0	0	0	13148	2116	1107	273	126	0	0	0	0	1	3720	311	0	0	1	0	0	0	0	0	0	0	1756	2	0	704	15	0	0	0	0	0	0	0	0	0	0	0	0	0	0	0	0	1	2	1	1	0	0	0	0	0	0	0	0	0	0	0	0	0	0	0	0	0	0	0	0	0	0	0	0	0	0	0	0	0	0	0	0	0	0	0	0	0	0	0	0	0	0	0	0	0	0	0	0	0	0
43_R1.fasta	43	1	653	5111	5007	0	0	0	0	0	0	0	21604	1074	1740	509	146	0	0	0	0	0	4914	818	0	0	0	0	0	0	0	0	0	0	2083	0	0	2184	30	0	0	0	0	0	0	0	0	0	0	0	0	0	0	0	0	0	0	0	0	0	1	0	0	0	0	0	0	0	0	0	0	0	0	0	0	0	0	0	0	0	0	0	0	0	0	0	0	0	0	0	0	0	0	0	0	0	0	0	0	0	0	0	0	0	0	0	0	0	0
43_R2.fasta	43	2	666	4801	4963	0	0	0	0	0	0	0	21622	1029	1606	574	148	0	0	0	0	0	3740	594	0	0	0	0	0	0	0	0	0	0	2530	0	0	2180	28	0	0	0	0	0	0	0	0	0	0	0	0	0	0	0	0	0	0	0	0	0	1	0	0	0	0	0	0	0	0	0	0	0	0	0	0	0	0	0	0	0	0	0	0	0	0	0	0	0	0	0	0	0	0	0	0	0	0	0	0	0	0	0	0	0	0	0	0	0	0
44_R1.fasta	44	1	293	13063	3666	1	0	0	0	0	0	0	10653	113	469	335	73	1	0	0	0	0	8632	96	0	0	0	0	0	0	0	0	0	0	1681	2	0	2359	26	2	0	1	1	0	0	0	0	0	0	0	0	0	0	0	0	0	3	1	1	0	383	0	0	0	0	0	0	0	0	0	0	0	0	1	0	0	0	0	0	0	0	0	0	0	0	0	0	0	0	0	0	0	0	0	0	0	0	0	0	0	0	0	0	0	0	0	0	0	0
44_R2.fasta	44	2	291	12512	3620	1	0	0	0	0	0	0	10922	109	437	339	73	0	0	0	0	0	6987	70	0	0	0	0	0	0	0	0	0	0	2004	1	0	2343	26	1	0	0	1	0	0	0	0	0	0	0	0	0	0	0	0	0	3	1	1	0	378	0	0	0	0	0	0	0	0	0	0	0	0	1	0	0	0	0	0	0	0	0	0	0	0	0	0	0	0	0	0	0	0	0	0	0	0	0	0	0	0	0	0	0	0	0	0	0	0
45_R1.fasta	45	1	6	5059	263	0	0	0	0	0	0	0	3014	5734	996	96	7	0	0	0	0	0	26517	2464	0	0	0	1	0	0	0	0	0	0	620	0	0	712	30	0	0	1	0	0	0	0	0	0	0	0	0	0	0	0	0	0	4	0	1	0	1367	0	0	1	0	0	0	0	0	0	0	0	0	3	0	0	0	0	0	0	0	0	0	0	0	0	0	0	0	0	0	0	0	0	0	0	0	0	0	0	0	0	0	0	0	0	0	0	0
45_R2.fasta	45	2	6	4790	257	0	0	0	0	0	0	0	3038	5476	925	93	7	0	0	0	0	0	21391	1840	0	0	0	1	0	0	0	0	0	0	907	0	0	715	29	0	0	0	0	0	0	0	0	0	0	0	0	0	0	0	0	0	4	0	1	0	1356	0	0	1	0	0	0	0	0	0	0	0	0	3	0	0	0	0	0	0	0	0	0	0	0	0	0	0	0	0	0	0	0	0	0	0	0	0	0	0	0	0	0	0	0	0	0	0	0
46_R1.fasta	46	1	22	3451	789	0	0	5	0	0	0	0	1450	635	2077	514	0	2	0	0	0	0	39450	315	0	0	0	0	0	0	0	0	0	0	1208	0	0	527	32	2	0	3	0	0	0	0	0	0	0	0	0	0	0	0	0	0	10	1	1	1	3044	0	0	1	0	0	0	0	0	0	0	0	0	1	0	1	1	0	0	0	0	0	0	0	0	0	0	0	0	0	0	0	0	0	0	0	0	0	0	0	0	0	0	0	0	0	0	0	0
46_R2.fasta	46	2	21	3240	775	0	0	5	0	0	0	0	1479	539	1922	515	0	2	0	0	0	0	32141	219	0	0	0	0	0	0	0	0	0	0	1287	0	0	523	33	1	0	2	0	0	0	0	0	0	1	0	0	0	0	0	0	0	10	1	1	1	2995	0	0	0	0	0	0	0	0	0	0	0	0	1	0	1	0	0	0	0	0	0	0	0	0	0	0	0	0	0	0	0	0	0	0	0	0	0	0	0	0	0	0	0	0	0	0	0	0
47_R1.fasta	47	1	329	25158	3124	0	0	0	0	0	0	0	13991	55	306	798	147	1	0	0	0	0	56	216	1	0	0	0	0	0	0	0	0	0	3002	0	0	2041	28	0	0	0	0	0	0	0	0	0	0	0	0	0	0	0	0	0	0	0	0	2	193	1	0	0	0	0	0	0	0	0	0	0	0	1	0	0	0	0	0	0	0	0	0	0	0	0	0	0	0	0	0	0	0	0	0	0	0	0	0	0	0	0	0	0	0	0	0	0	0
47_R2.fasta	47	2	327	23797	3099	0	0	0	0	0	0	0	14584	54	276	805	151	1	0	0	0	0	46	174	1	0	0	0	0	0	0	0	0	0	3063	0	0	2044	27	2	0	0	0	0	0	0	0	0	0	0	0	0	0	0	0	0	0	0	0	2	187	1	0	0	0	0	0	0	0	0	0	0	0	1	0	0	0	0	0	0	0	0	0	0	0	0	0	0	0	0	0	0	0	0	0	0	0	0	0	0	0	0	0	0	0	0	0	0	0
48_R1.fasta	48	1	536	32071	4487	0	0	0	0	0	0	0	14222	12	300	940	119	0	0	0	0	0	109	478	0	0	1	0	0	0	0	0	0	0	3036	0	0	1989	23	0	0	0	0	0	0	0	0	0	1	0	0	0	0	0	0	0	1	0	0	1	447	0	0	0	0	6	0	0	0	0	0	0	0	0	0	1	0	0	0	0	0	0	0	0	0	0	0	0	0	0	0	0	0	0	0	0	0	2	0	0	0	0	0	0	0	0	0	0	0
48_R2.fasta	48	2	530	30366	4425	0	0	0	0	0	0	0	15008	11	270	936	128	0	0	0	0	0	92	355	1	0	1	0	0	0	0	0	0	0	3103	0	0	1994	23	0	0	0	0	0	0	0	0	0	1	0	0	0	0	0	0	0	1	1	0	1	438	0	0	0	0	6	0	0	0	0	0	0	0	0	0	1	0	0	0	0	0	0	0	0	0	0	0	0	0	0	0	0	0	0	0	0	0	2	0	0	0	0	0	0	0	0	0	0	0
49_R1.fasta	49	1	423	19981	6149	1	0	0	0	0	0	0	13408	356	239	993	157	0	0	0	0	0	446	356	0	0	0	1	0	0	0	0	0	0	2572	0	0	2631	21	1	0	1	1	0	0	0	0	0	0	0	0	0	0	0	0	0	0	0	0	1	166	0	0	0	0	0	0	0	0	0	0	0	0	5	0	0	0	0	0	0	0	0	0	0	0	0	0	0	0	0	0	0	0	0	0	0	0	0	0	0	0	0	0	0	0	0	0	0	0
49_R2.fasta	49	2	424	19045	6102	1	0	0	0	0	0	0	14146	355	214	1005	155	0	0	0	0	0	344	249	0	0	0	1	0	0	0	0	0	0	2795	0	0	2629	21	0	0	1	1	0	0	0	0	0	0	0	0	0	0	0	0	0	0	0	0	1	162	0	0	0	0	0	0	0	0	0	0	0	0	4	0	0	0	0	0	0	0	0	0	0	0	0	0	0	0	0	0	0	0	0	0	0	0	0	0	0	0	0	0	0	0	0	0	0	0
4_R1.fasta	4	1	6	12484	0	3	0	0	0	0	0	0	8876	947	1467	48	0	0	0	12	0	0	10617	356	1	0	1	1	0	0	0	0	0	0	48	0	0	6344	51	0	0	1	0	0	0	0	0	0	1	0	0	0	67	0	0	0	4	0	1	7	0	0	0	0	0	0	0	0	0	0	0	0	0	1	0	0	0	0	0	0	0	0	0	0	0	0	0	0	0	0	0	0	0	0	0	0	0	0	0	0	0	0	0	0	0	0	0	0	0
4_R2.fasta	4	2	7	11745	0	3	0	0	0	0	0	0	8897	942	1722	88	0	0	0	0	0	0	8321	280	1	0	0	1	0	0	0	0	0	0	50	0	0	6362	52	0	0	1	0	0	0	0	0	0	1	0	0	0	57	0	0	0	4	0	0	7	0	0	0	0	0	0	0	0	0	0	0	0	0	1	0	0	0	0	0	0	0	0	0	0	0	0	0	0	0	0	0	0	0	0	0	0	0	0	0	0	0	0	0	0	0	0	0	0	0
50_R1.fasta	50	1	183	14082	2075	0	0	0	0	0	0	0	6717	1	17	392	23	0	0	0	0	0	631	79	0	0	0	0	0	0	0	0	0	0	2236	0	0	852	15	0	0	0	0	0	0	0	0	0	0	0	0	0	0	0	0	0	0	0	0	0	241	0	0	0	0	0	0	0	0	0	0	0	0	0	0	0	0	0	0	0	0	0	0	0	0	0	0	0	0	0	0	0	0	0	0	0	0	0	0	0	0	0	0	0	0	0	0	0	0
50_R2.fasta	50	2	178	13537	2043	0	0	0	0	0	0	0	6977	1	14	449	24	0	0	0	0	0	508	57	0	0	0	0	0	0	0	0	0	0	2250	0	0	848	17	0	0	0	0	0	0	0	0	0	0	0	0	0	0	0	0	0	0	0	0	0	243	0	0	0	0	0	0	0	0	0	0	0	0	0	0	0	0	0	0	0	0	0	0	0	0	0	0	0	0	0	0	0	0	0	0	0	0	0	0	0	0	0	0	0	0	0	0	0	0
52_R1.fasta	52	1	1	316	12	0	0	0	0	0	0	0	136	3776	467	55	1	0	0	0	0	0	9962	56	0	0	0	0	0	0	0	0	0	0	127	0	0	13	0	0	0	0	0	0	0	0	0	0	0	0	0	0	0	0	0	0	0	0	0	0	658	0	0	0	0	0	0	0	0	0	0	0	0	0	0	0	0	0	0	0	0	0	0	0	0	0	0	0	0	0	0	0	0	0	0	0	0	0	0	0	0	0	0	0	0	0	0	0	0
52_R2.fasta	52	2	1	305	13	0	0	0	0	0	0	0	130	3694	419	52	1	0	0	0	0	0	8110	45	0	0	0	0	0	0	0	0	0	0	123	0	0	13	0	0	0	0	0	0	0	0	0	0	0	0	0	0	0	0	0	0	0	0	0	0	641	0	0	0	0	0	0	0	0	0	0	0	0	0	0	0	0	0	0	0	0	0	0	0	0	0	0	0	0	0	0	0	0	0	0	0	0	0	0	0	0	0	0	0	0	0	0	0	0
53_R1.fasta	53	1	1639	26969	1	0	0	0	0	0	0	0	15323	2388	3109	714	0	0	0	139	0	0	12306	1209	0	0	0	0	3	0	0	0	0	0	136	0	0	19339	208	0	0	0	0	0	0	0	0	0	0	0	0	0	344	0	0	0	0	0	0	0	0	0	0	0	0	0	0	0	0	0	0	0	0	0	0	0	0	0	0	0	0	0	0	0	0	0	0	0	0	0	0	0	0	0	0	0	0	0	0	0	0	0	0	0	0	0	0	0	0
53_R2.fasta	53	2	1620	25303	1	0	0	0	0	0	0	0	15390	2371	3797	738	0	0	0	0	0	0	9722	957	1	0	0	0	3	0	0	0	0	0	127	0	0	19458	197	0	0	0	0	0	0	0	0	0	0	0	0	0	285	0	0	0	0	0	0	0	0	0	0	0	0	0	0	0	0	0	0	0	0	0	0	0	0	0	0	0	0	0	0	0	0	0	0	0	0	0	0	0	0	0	0	0	0	0	0	0	0	0	0	0	0	0	0	0	0
54_R1.fasta	54	1	19	12423	2870	0	0	0	0	0	0	0	9366	20	498	380	0	0	0	0	0	0	11799	990	0	0	0	0	0	0	0	0	0	0	1668	0	0	634	5	0	0	0	0	0	0	0	0	0	0	0	0	0	0	0	0	0	0	0	0	0	1168	0	0	0	0	0	0	0	0	0	0	0	0	0	0	0	0	0	0	0	0	0	0	0	0	0	0	0	0	0	0	0	0	0	0	0	0	0	0	0	0	0	0	0	0	0	0	0	0
54_R2.fasta	54	2	18	11692	2845	1	0	0	0	0	0	0	9684	18	451	392	0	0	0	0	0	0	9646	742	0	0	0	0	0	0	0	0	0	0	1970	0	0	629	5	0	0	0	0	0	0	0	0	0	0	0	0	0	0	0	0	0	0	0	0	0	1146	0	0	0	0	0	0	0	0	0	0	0	0	0	0	0	0	0	0	0	0	0	0	0	0	0	0	0	0	0	0	0	0	0	0	0	0	0	0	0	0	0	0	0	0	0	0	0	0
55_R1.fasta	55	1	835	16748	3825	0	0	0	0	0	0	0	17731	37	3139	1156	510	0	0	0	0	0	27511	855	0	0	0	0	0	0	0	0	0	0	2268	0	0	5488	78	0	0	1	0	0	0	0	0	0	0	0	0	0	0	0	0	0	5	0	0	0	1123	0	0	0	1	0	0	0	0	0	0	0	0	0	0	0	3	0	0	0	0	0	0	0	0	0	0	1	0	0	0	0	0	0	0	0	0	0	0	0	0	0	0	0	0	0	0	0	0
55_R2.fasta	55	2	829	15773	3792	1	0	0	0	0	0	0	18651	36	2919	1149	512	0	0	0	0	0	22315	668	0	0	0	0	0	0	0	0	0	0	2813	1	0	5465	79	0	0	1	0	0	0	0	0	0	1	0	0	0	0	0	0	0	5	0	0	0	1091	0	0	0	1	0	0	0	0	0	0	0	0	0	0	0	3	0	0	0	0	0	0	0	0	0	0	1	0	0	0	0	0	0	0	0	0	0	0	0	0	0	0	0	0	0	0	0	0
56_R1.fasta	56	1	393	21191	3037	0	0	0	0	0	0	0	16030	0	236	708	168	0	0	0	0	0	59	110	1	0	0	1	0	0	0	0	0	0	1626	0	0	2829	100	0	0	0	0	0	0	0	0	0	0	0	0	0	0	0	0	0	0	1	0	5	103	0	0	0	3	0	0	0	0	0	0	0	0	2	0	0	0	0	0	0	0	0	0	0	0	0	0	3	0	1	0	0	0	0	0	0	0	0	0	0	0	0	0	0	0	0	0	0	0
56_R2.fasta	56	2	388	20231	3007	0	0	0	0	0	0	0	18080	0	217	704	171	0	0	0	0	0	40	92	1	0	0	1	0	0	0	0	0	0	2211	0	0	2829	100	0	0	0	0	0	0	0	0	0	0	0	0	0	0	0	0	0	0	0	0	5	100	0	0	0	3	0	0	0	0	0	0	0	0	2	0	0	0	0	0	0	0	0	0	0	0	0	0	3	0	0	0	0	0	0	0	0	0	0	0	0	0	0	0	0	0	0	0	0	0
57_R1.fasta	57	1	615	20505	5948	2	0	0	0	0	0	0	20547	0	395	689	276	0	0	0	0	0	553	299	0	0	0	4	0	0	0	0	0	0	1954	0	0	2031	184	0	0	1	1	0	0	0	0	0	0	0	0	0	0	0	0	0	0	0	0	1	211	0	0	0	0	0	0	0	0	0	0	0	0	2	0	0	0	0	0	0	0	0	0	0	0	0	0	0	0	0	0	0	0	0	0	0	0	0	0	0	0	0	0	0	0	0	0	0	0
57_R2.fasta	57	2	611	19502	5898	2	0	0	0	0	0	0	22458	0	360	699	277	0	0	0	0	0	456	229	0	0	0	4	0	0	0	0	0	0	2490	0	0	2045	180	0	0	1	1	0	0	0	0	0	0	0	0	0	0	0	0	0	0	0	0	1	208	0	0	0	0	0	0	0	0	0	0	0	0	2	0	0	0	0	0	0	0	0	0	0	0	0	0	0	0	0	0	0	0	0	0	0	0	0	0	0	0	0	0	0	0	0	0	0	0
58_R1.fasta	58	1	0	13166	2	7	0	0	0	0	0	0	26994	531	1519	306	42	1	0	0	0	0	1501	1257	0	0	0	0	0	0	0	0	0	0	3438	1	0	3395	19	1	0	1	0	0	0	0	0	0	0	0	0	0	0	0	0	0	0	0	0	0	0	0	0	0	0	0	0	0	0	0	0	0	0	1	0	0	0	0	0	0	0	0	0	0	0	0	0	0	0	0	0	0	0	0	0	0	0	0	0	0	0	0	0	0	0	0	0	0	0
58_R2.fasta	58	2	0	12298	1	8	0	0	0	0	0	0	26497	450	1378	678	42	1	0	0	0	0	1133	872	0	0	0	0	0	0	0	0	0	0	3486	0	0	3400	19	1	0	1	0	0	0	0	0	0	0	0	0	0	0	0	0	0	0	0	0	0	0	0	0	0	0	0	0	0	0	0	0	0	0	0	0	0	0	0	0	0	0	0	0	0	0	0	0	0	0	0	0	0	0	0	0	0	0	0	0	0	0	0	0	0	0	0	0	0	0
59_R1.fasta	59	1	177	8539	841	1	0	0	0	0	0	0	18937	1276	1559	254	15	0	0	0	0	0	2327	68	0	0	0	0	0	0	0	0	0	0	2406	0	0	2099	18	0	0	0	0	0	0	0	0	0	0	0	0	0	0	0	0	0	3	0	0	1	1	0	0	0	0	0	0	0	0	0	0	0	0	0	0	0	0	0	0	0	0	0	0	0	0	0	0	0	0	0	0	0	0	0	0	0	0	0	0	0	0	0	0	0	0	0	0	0	0
59_R2.fasta	59	2	182	8033	824	1	0	0	0	0	0	0	18691	1089	1433	612	15	0	0	0	0	0	1792	56	0	0	0	0	0	0	0	0	0	0	2375	0	0	2101	18	0	0	0	0	0	0	0	0	0	0	0	0	0	0	0	0	0	3	0	0	1	0	0	0	0	0	0	0	0	0	0	0	0	0	0	0	0	0	0	0	0	0	0	0	0	0	0	0	0	0	0	0	0	0	0	0	0	0	0	0	0	0	0	0	0	0	0	0	0	0
5_R1.fasta	5	1	563	13170	2	3	0	1	0	0	0	0	5069	758	1234	315	0	0	0	148	0	0	3354	652	2	0	0	5	0	0	0	0	0	0	54	0	0	6527	75	0	0	0	0	1	0	0	0	0	0	0	0	0	76	0	0	0	0	0	1	5	0	0	0	0	0	0	0	0	0	0	0	0	0	1	1	0	0	0	0	0	0	0	0	0	0	0	0	0	0	0	0	0	0	0	0	0	0	0	0	0	0	0	0	0	0	0	0	0	0
5_R2.fasta	5	2	559	12531	2	3	0	0	0	0	0	0	5078	765	1419	335	0	0	0	0	0	0	2614	521	2	0	0	6	0	0	0	0	0	0	53	0	0	6527	74	0	0	0	0	1	0	0	0	0	0	0	0	0	61	0	0	0	0	0	1	5	0	0	0	0	0	0	0	0	0	0	0	0	0	1	1	0	0	0	0	0	0	0	0	0	0	0	0	0	0	0	0	0	0	0	0	0	0	0	0	0	0	0	0	0	0	0	0	0	0
60_R1.fasta	60	1	1126	1545	0	0	0	0	0	0	0	0	23158	1	2493	3	2	0	0	0	0	0	7	2174	0	0	0	0	0	0	0	0	0	0	4791	0	0	5799	0	0	0	0	0	0	0	0	0	0	0	0	0	0	0	0	0	0	0	0	0	0	2	0	0	0	0	0	0	0	0	0	0	0	0	0	0	0	0	0	0	0	0	0	0	0	0	0	0	1	0	0	0	0	0	0	0	0	0	0	0	0	0	0	0	0	0	0	0	0	0
60_R2.fasta	60	2	1116	1458	0	0	0	0	0	0	0	0	24127	1	2277	2	2	0	0	0	0	0	1	1827	3	0	0	0	0	0	0	0	0	0	4992	0	0	5833	0	0	0	0	0	0	0	0	0	0	0	0	0	0	0	0	0	0	0	0	0	0	1	0	0	0	0	0	0	0	0	0	0	0	0	0	0	0	0	0	0	0	0	0	0	0	0	0	0	1	0	0	0	0	0	0	0	0	0	0	0	0	0	0	0	0	0	0	0	0	0
61_R1.fasta	61	1	395	19291	3742	2	0	1	0	0	0	0	15190	656	872	378	71	0	0	0	0	0	10534	373	0	0	0	0	0	0	0	0	0	0	2563	7	0	4195	40	0	0	2	0	0	0	0	0	0	0	0	0	0	0	0	0	0	5	0	1	0	547	0	0	0	0	0	0	0	0	0	0	0	0	0	0	0	0	0	0	0	0	0	0	0	0	0	0	0	0	0	0	0	0	0	0	0	0	0	0	0	0	0	0	0	0	0	0	0	0
61_R2.fasta	61	2	389	18262	3723	2	0	1	0	0	0	0	15455	627	799	386	71	0	0	0	0	0	8482	260	0	0	0	0	0	0	0	0	0	0	2978	6	0	4186	41	0	0	2	0	0	0	0	0	0	0	0	0	0	0	0	0	0	5	0	1	0	538	0	0	0	0	0	0	0	0	0	0	0	0	0	0	0	0	0	0	0	0	0	0	0	0	0	0	0	0	0	0	0	0	0	0	0	0	0	0	0	0	0	0	0	0	0	0	0	0
62_R1.fasta	62	1	311	16350	3583	0	0	1	0	0	0	0	9292	93	760	317	72	0	0	0	0	0	5553	192	0	0	0	1	0	0	0	0	0	0	1763	1	0	2873	34	1	0	0	0	0	0	0	0	0	0	0	0	0	0	0	0	0	2	0	0	0	357	0	0	0	0	0	0	0	0	0	0	0	0	2	0	0	0	0	0	0	0	0	0	0	0	0	0	0	0	0	0	0	0	0	0	0	0	0	0	0	0	0	0	0	0	0	0	0	0
62_R2.fasta	62	2	306	15521	3551	0	0	1	0	0	0	0	9550	95	695	333	75	0	0	0	0	0	4488	151	0	0	0	1	0	0	0	0	0	0	1998	1	0	2874	33	0	0	0	0	0	0	0	0	0	0	0	0	0	0	0	0	0	3	0	0	0	353	0	0	0	0	0	0	0	0	0	0	0	0	2	0	0	0	0	0	0	0	0	0	0	0	0	0	0	0	0	0	0	0	0	0	0	0	0	0	0	0	0	0	0	0	0	0	0	0
63_R1.fasta	63	1	277	14637	4473	3	0	1	0	0	0	0	14116	180	1100	683	320	0	0	0	0	0	23966	221	0	0	0	0	0	0	0	0	0	0	2378	1	0	3376	15	0	0	0	0	0	0	0	0	0	0	0	0	0	27	0	0	0	4	0	0	0	835	0	0	0	0	0	0	0	0	0	0	0	0	11	0	1	0	0	0	0	0	0	0	0	0	0	0	0	0	0	0	0	0	0	0	0	0	0	0	0	0	0	0	0	0	0	0	0	0
63_R2.fasta	63	2	272	13657	4424	2	0	1	0	0	0	0	14276	180	1022	723	327	0	0	0	0	0	19405	160	0	0	0	0	0	0	0	0	0	0	2702	1	0	3363	15	0	0	0	0	0	0	0	0	0	0	0	0	0	24	0	0	0	4	1	0	0	823	0	0	0	0	0	0	0	0	0	0	0	0	10	0	0	0	0	0	0	0	0	0	0	0	0	0	0	0	0	0	0	0	0	0	0	0	0	0	0	0	0	0	0	0	0	0	0	0
64_R1.fasta	64	1	119	16061	3662	0	0	1	0	0	0	0	16182	74	684	1022	179	0	0	0	0	0	6134	1952	5	0	0	0	0	0	0	0	0	0	1902	0	0	3634	30	0	0	0	0	0	0	0	0	0	0	0	0	0	4	0	0	0	6	0	0	8	1035	0	0	0	0	0	0	0	0	0	0	0	0	5	0	0	2	0	0	0	0	0	0	0	0	0	0	0	0	0	0	0	0	0	0	0	0	0	0	0	0	0	0	0	0	0	0	0	0
64_R2.fasta	64	2	115	15194	3648	0	0	1	0	0	0	0	16294	69	620	1031	179	0	0	0	0	0	4896	1332	6	0	0	0	0	0	0	0	0	0	2281	0	0	3637	31	0	0	0	0	0	0	0	0	0	0	0	0	0	3	0	0	0	6	1	0	6	1013	0	0	0	0	0	0	0	0	0	0	0	0	5	0	0	0	0	0	0	0	0	0	0	0	0	0	0	0	0	0	0	0	0	0	0	0	0	0	0	0	0	0	0	0	0	0	0	0
65_R1.fasta	65	1	506	21246	3608	0	0	1	0	0	0	0	17491	26	541	1956	238	0	0	0	0	0	2533	2867	0	0	0	0	0	0	0	0	0	0	2291	0	0	4463	28	0	0	1	0	0	0	0	0	0	0	0	0	0	9	0	0	1	3	0	2	1	478	0	0	0	0	0	0	0	0	0	0	0	0	3	0	0	0	0	0	0	0	0	0	0	0	0	0	0	0	0	0	0	0	0	0	0	0	0	0	0	0	0	0	0	0	0	0	0	0
65_R2.fasta	65	2	498	19873	3602	0	0	1	0	0	0	0	17764	26	486	1962	240	0	0	0	0	0	1967	1991	1	0	0	0	0	0	0	0	0	0	2498	0	0	4496	29	0	0	1	0	0	0	0	0	0	0	0	0	0	8	0	0	1	3	1	2	1	466	0	0	0	0	0	0	0	0	0	0	0	0	2	0	0	0	0	0	0	0	0	0	0	0	0	0	0	0	0	0	0	0	0	0	0	0	0	0	0	0	0	0	0	0	0	0	0	0
66_R1.fasta	66	1	533	32093	3212	0	0	0	0	0	0	0	26488	5	47	4386	211	0	0	0	0	0	1421	160	0	0	0	0	0	0	0	0	0	0	3220	0	0	5465	152	0	0	0	0	0	0	0	0	0	0	0	0	0	6	0	0	0	0	0	0	0	333	0	0	0	0	0	0	0	0	0	0	0	0	0	0	0	0	0	0	0	0	0	0	0	0	0	0	0	0	0	0	0	0	0	0	0	0	0	0	0	0	0	0	0	0	0	0	0	0
66_R2.fasta	66	2	527	30332	3171	0	0	0	0	0	0	0	27709	6	42	3577	213	0	0	0	0	0	1106	123	0	0	0	0	0	0	0	0	0	0	3507	0	0	5484	157	0	0	0	0	0	0	0	0	0	0	0	0	0	6	0	0	0	0	0	0	0	325	0	0	0	0	0	0	0	0	0	0	0	0	0	0	0	0	0	0	0	0	0	0	0	0	0	0	0	0	0	0	0	0	0	0	0	0	0	0	0	0	0	0	0	0	0	0	0	0
67_R1.fasta	67	1	330	26744	3686	0	0	0	0	0	0	0	27917	220	666	2468	167	0	0	0	0	0	6064	571	0	0	0	0	0	0	0	0	0	0	2380	0	0	1504	245	0	0	0	0	0	0	0	0	0	0	0	0	0	0	0	0	0	0	0	0	0	212	0	0	0	0	0	0	0	0	0	0	0	0	0	0	1	0	0	0	0	0	0	0	0	0	0	0	0	0	0	0	0	0	0	0	0	0	0	0	0	0	0	0	0	0	0	0	0	1
67_R2.fasta	67	2	328	24953	3627	0	0	0	0	0	0	0	28295	226	607	1882	170	0	0	0	0	0	4739	432	0	0	0	0	0	0	0	0	0	0	2740	0	0	1512	251	0	0	0	0	0	0	0	0	0	0	0	0	0	0	0	0	0	0	0	0	0	203	0	0	0	0	0	0	0	0	0	0	0	0	0	0	1	0	0	0	0	0	0	0	0	0	0	0	0	0	0	0	0	0	0	0	0	0	0	0	0	0	0	0	0	0	0	0	0	0
6_R1.fasta	6	1	154	15735	0	0	0	0	0	0	0	0	10988	2993	966	469	31	0	0	0	0	0	9003	20	0	0	0	1	0	0	0	0	0	0	1791	3	0	1565	27	0	0	0	0	0	0	0	0	0	0	0	0	0	0	0	0	0	1	0	0	0	587	0	0	0	0	0	0	0	0	0	0	0	0	4	0	0	0	0	0	0	0	0	0	0	0	0	0	0	0	0	0	0	0	0	0	0	0	0	0	0	0	0	0	0	0	0	0	0	0
6_R2.fasta	6	2	156	14877	0	0	0	0	0	0	0	0	11049	2870	919	464	31	0	0	0	0	0	7274	18	0	0	0	1	0	0	0	0	0	0	2194	3	0	1562	27	0	0	0	0	0	0	0	0	0	0	0	0	0	0	0	0	0	1	0	0	0	577	0	0	0	0	0	0	0	0	0	0	0	0	4	0	0	0	0	0	0	0	0	0	0	0	0	0	0	0	0	0	0	0	0	0	0	0	0	0	0	0	0	0	0	0	0	0	0	0
71_R1.fasta	71	1	84	11053	1512	0	0	0	0	0	0	0	4954	273	655	323	589	0	0	0	0	0	9921	8	0	0	0	0	0	0	0	0	0	0	1972	0	0	1308	39	0	0	0	0	0	0	0	0	0	0	0	0	0	0	0	0	0	0	0	0	0	303	0	0	0	0	0	0	0	0	0	0	0	0	0	0	0	0	0	0	0	0	142	0	0	0	0	0	0	0	0	0	0	0	0	0	0	0	0	0	0	0	0	0	0	0	0	0	0	0
71_R2.fasta	71	2	82	10429	1489	0	0	0	0	0	0	0	5371	275	599	332	599	0	0	0	0	0	8049	11	0	0	0	0	0	0	0	0	0	0	2150	0	0	1304	41	0	0	0	0	0	0	0	0	0	0	0	0	0	0	0	0	0	0	0	0	0	295	0	0	0	0	0	0	0	0	0	0	0	0	0	0	0	0	0	0	0	0	142	0	0	0	0	0	0	0	0	0	0	0	0	0	0	0	0	0	0	0	0	0	0	0	0	0	0	0
72_R1.fasta	72	1	12	8229	1795	0	0	0	0	0	0	0	9638	309	457	277	11	0	0	0	0	0	11002	521	0	0	0	0	0	0	0	0	0	0	1329	0	0	449	39	0	0	0	0	0	0	0	0	0	0	0	0	0	0	0	0	0	0	0	0	0	1707	0	0	0	0	0	0	0	0	0	0	0	0	0	0	0	0	0	0	0	0	0	0	0	0	0	0	0	0	0	0	0	0	0	0	0	0	0	0	0	0	0	0	0	0	0	0	0	0
72_R2.fasta	72	2	13	7719	1761	0	0	0	0	0	0	0	9645	276	404	290	11	0	0	0	0	0	9019	378	0	0	0	0	0	0	0	0	0	0	1212	0	0	448	40	0	0	0	0	0	0	0	0	0	0	0	0	0	0	0	0	0	0	0	0	0	1677	0	0	0	0	0	0	0	0	0	0	0	0	0	0	0	0	0	0	0	0	0	0	0	0	0	0	0	0	0	0	0	0	0	0	0	0	0	0	0	0	0	0	0	0	0	0	0	0
73_R1.fasta	73	1	1192	21924	0	0	0	0	0	0	0	0	7014	899	994	103	0	0	0	0	0	0	5728	519	0	0	0	0	9	0	0	0	0	0	24	0	0	6789	363	0	0	0	0	0	0	0	0	0	0	0	0	0	90	0	0	0	0	0	0	0	0	0	0	0	0	0	0	0	0	0	0	0	0	0	0	0	0	0	0	0	0	0	0	0	0	0	0	0	0	0	0	0	0	0	0	0	0	0	0	0	0	0	0	0	0	0	0	0	0
73_R2.fasta	73	2	1193	20049	0	0	0	0	0	0	0	0	7028	900	1209	230	0	0	0	0	0	0	4543	401	0	0	0	0	8	0	0	0	0	0	24	0	0	6787	358	0	0	0	0	0	0	0	0	0	0	0	0	0	68	0	0	0	0	0	0	0	0	0	0	0	0	0	0	0	0	0	0	0	0	0	0	0	0	0	0	0	0	0	0	0	0	0	0	0	0	0	0	0	0	0	0	0	0	0	0	0	0	0	0	0	0	0	0	0	0
74_R1.fasta	74	1	81	7951	1370	0	0	0	0	0	0	0	6345	108	421	289	0	0	0	0	0	0	8093	46	0	0	0	0	0	0	0	0	0	0	1262	1	0	540	15	0	0	0	6	0	0	0	0	0	0	0	0	0	0	0	0	0	1	0	0	1	442	0	0	0	0	0	0	0	0	0	0	0	0	2	0	0	0	0	0	0	0	0	0	0	0	0	0	0	0	0	0	0	0	0	0	0	0	0	0	0	0	0	0	0	0	0	0	0	0
74_R2.fasta	74	2	81	7475	1345	0	0	0	0	0	0	0	6421	88	401	288	0	0	0	0	0	0	6557	34	0	0	0	0	0	0	0	0	0	0	1403	1	0	540	14	0	0	0	6	0	0	0	0	0	0	0	0	0	0	0	0	0	1	0	0	1	432	0	0	0	0	0	0	0	0	0	0	0	0	2	0	0	0	0	0	0	0	0	0	0	0	0	0	0	0	0	0	0	0	0	0	0	0	0	0	0	0	0	0	0	0	0	0	0	0
75_R1.fasta	75	1	952	9220	75	0	0	0	0	0	0	0	7909	4567	1436	505	143	1	0	0	0	0	10263	19	6	0	0	0	0	0	0	0	0	0	2615	0	0	1611	23	0	0	1	1	0	0	0	0	0	0	0	0	0	0	0	0	0	0	0	0	4	504	0	0	0	0	0	0	0	0	0	0	0	0	1	0	0	1	0	0	0	0	0	0	0	0	0	0	0	0	0	0	0	0	0	0	0	0	0	0	0	0	0	0	0	0	0	0	0	0
75_R2.fasta	75	2	927	8666	74	0	0	0	0	0	0	0	8121	4525	1337	501	141	1	0	0	0	0	8330	17	5	0	0	0	0	0	0	0	0	0	2905	0	0	1599	23	0	0	1	0	0	0	0	0	0	0	0	0	0	0	0	0	0	1	0	0	4	484	0	0	0	0	0	0	0	0	0	0	0	0	1	0	0	1	0	0	0	0	0	0	0	0	0	0	0	0	0	0	0	0	0	0	0	0	0	0	0	0	0	0	0	0	0	0	0	0
76_R1.fasta	76	1	194	5313	1483	1	0	0	0	0	0	0	3773	188	754	173	156	0	0	0	0	0	5981	39	0	0	0	7	0	0	0	0	0	0	808	1	0	1462	70	0	0	0	0	0	0	0	0	0	0	0	0	0	0	0	0	0	0	0	0	0	408	0	0	0	0	0	0	0	0	0	0	0	0	1	0	1	0	0	0	0	0	0	0	0	0	0	0	0	0	0	0	0	0	0	0	0	0	0	0	0	0	0	0	0	0	0	0	0	0
76_R2.fasta	76	2	189	5008	1463	1	0	0	0	0	0	0	3947	150	702	167	160	0	0	0	0	0	4923	32	0	0	0	7	0	0	0	0	0	0	1028	1	0	1453	69	0	0	0	0	0	0	0	0	0	0	0	0	0	0	0	0	0	0	0	0	0	399	0	0	0	0	0	0	0	0	0	0	0	0	0	0	0	0	0	0	0	0	0	0	0	0	0	0	0	0	0	0	0	0	0	0	0	0	0	0	0	0	0	0	0	0	0	0	0	0
77_R1.fasta	77	1	433	11293	1420	1132	0	1	6	0	0	0	20894	94	242	5568	112	86	0	36	0	0	1996	217	8	4	0	3	0	4	1	0	0	0	1241	300	93	403	9	0	0	10	1	0	0	0	0	4	3	0	0	0	0	0	0	1	182	44	33	2	236	4	3	0	3	2	7	0	0	0	0	0	0	74	2	0	0	399	0	0	0	27	0	0	0	1	0	5	0	1	0	1	0	0	0	0	0	8	0	0	0	2	45	0	0	0	0	0	0
77_R2.fasta	77	2	435	10394	1402	1292	0	1	6	0	0	0	21125	84	227	5561	113	87	3	23	0	0	1576	148	8	5	0	3	0	4	0	1	0	0	1207	293	5	398	8	0	0	11	1	0	0	0	0	1	4	0	0	0	0	0	0	1	181	36	31	2	229	3	1	0	3	2	7	0	0	0	0	0	0	72	2	0	1	364	0	0	0	17	0	0	0	0	0	10	0	0	0	1	0	0	0	0	0	7	0	0	0	1	44	0	0	0	0	0	0
78_R1.fasta	78	1	370	3117	3042	0	0	1	0	0	0	0	9384	353	198	386	119	0	0	0	0	0	6369	706	0	0	0	0	0	0	0	0	0	0	611	0	0	1030	62	0	0	0	0	0	0	0	0	0	0	0	0	0	0	0	0	0	1	0	0	0	0	0	0	0	0	0	0	0	0	0	0	0	0	0	0	0	0	0	0	0	0	0	0	0	0	0	0	0	0	0	0	0	0	0	0	0	0	0	0	0	0	0	0	0	0	0	0	0	0
78_R2.fasta	78	2	384	2927	3011	0	0	1	0	0	0	0	10124	355	194	522	122	0	0	0	0	0	4861	514	0	0	0	0	0	0	0	0	0	0	766	0	0	1025	60	0	0	0	0	0	0	0	0	0	0	0	0	0	0	0	0	0	1	0	0	0	0	0	0	0	0	0	0	0	0	0	0	0	0	0	0	0	0	0	0	0	0	0	0	0	0	0	0	0	0	0	0	0	0	0	0	0	0	0	0	0	0	0	0	0	0	0	0	0	0
79_R1.fasta	79	1	81	18980	1947	1	0	0	0	0	0	0	12674	105	189	303	199	0	0	0	0	0	2135	45	0	0	0	0	0	0	0	0	0	0	2163	0	0	2215	15	0	0	0	0	0	0	0	0	0	0	0	0	0	0	0	0	0	0	0	0	0	363	0	0	0	0	0	0	0	0	0	0	0	0	0	0	0	0	0	0	0	0	0	0	0	0	0	0	0	0	0	0	0	0	0	0	0	0	0	0	0	0	0	0	0	0	0	0	0	0
79_R2.fasta	79	2	80	17897	1917	0	0	0	0	0	0	0	13079	101	164	309	203	0	0	0	0	0	1643	36	0	0	0	0	0	0	0	0	0	0	2406	0	0	2211	15	0	0	0	0	0	0	0	0	0	0	0	0	0	0	0	0	0	0	0	0	0	347	0	0	0	0	0	0	0	0	0	0	0	0	0	0	0	0	0	0	0	0	0	0	0	0	0	0	0	0	0	0	0	0	0	0	0	0	0	0	0	0	0	0	0	0	0	0	0	0
7_R1.fasta	7	1	393	9291	1770	0	0	0	0	0	0	0	9225	26	1688	403	242	0	0	0	0	0	6326	416	0	0	0	0	0	0	0	0	0	0	1690	1	0	2028	21	2	0	3	0	0	0	0	0	0	0	0	0	0	0	0	0	0	0	0	0	0	337	0	0	0	1	2	0	0	0	0	0	0	0	0	1	0	1	0	0	0	0	0	0	0	0	0	0	0	0	7	0	0	0	0	0	0	0	0	0	0	0	0	0	0	0	0	0	0	0
7_R2.fasta	7	2	388	8733	1757	0	0	0	0	0	0	0	9534	26	1542	391	242	0	0	0	0	0	4900	318	0	0	0	0	0	0	0	0	0	0	1980	0	0	2029	21	1	0	2	0	0	0	0	0	0	0	0	0	0	0	0	0	0	0	0	0	0	331	0	0	0	1	2	0	0	0	0	0	0	0	0	2	0	1	0	0	0	0	0	0	0	0	0	0	0	0	1	0	0	0	0	0	0	0	0	0	0	0	0	0	0	0	0	0	0	0
80_R1.fasta	80	1	170	13286	2818	1	0	4	0	0	0	0	11828	11	417	441	125	0	0	0	0	0	2529	115	0	0	0	0	0	0	0	0	0	0	1355	1	0	2512	17	5	0	1	0	0	0	0	0	0	0	0	0	0	1	0	0	0	4	1	0	0	353	0	0	0	0	0	0	0	0	0	0	0	0	0	0	0	0	0	0	0	0	0	0	0	0	0	0	0	0	0	0	0	0	0	0	0	0	0	0	0	0	0	0	0	0	0	0	0	0
80_R2.fasta	80	2	170	12513	2797	1	0	4	0	0	0	0	12139	10	382	439	127	0	0	0	0	0	2040	88	0	0	0	0	0	0	0	0	0	0	1640	1	0	2502	17	2	0	1	0	0	0	0	0	0	0	0	0	0	0	0	0	0	3	1	0	0	342	0	0	0	0	0	0	0	0	0	0	0	0	0	0	1	0	0	0	0	0	0	0	0	0	0	0	0	0	0	0	0	0	0	0	0	0	0	0	0	0	0	0	0	0	0	0	0	0
81_R1.fasta	81	1	467	11473	2602	2	0	1	0	0	0	0	13476	4	448	628	213	0	0	0	0	0	2312	612	0	0	0	0	0	0	0	0	0	0	1857	4	0	2366	17	0	0	0	0	0	0	0	0	0	0	0	0	0	5	0	0	0	3	0	0	0	414	0	0	0	0	0	0	0	0	0	0	0	0	0	0	0	0	0	0	0	0	0	0	0	0	0	0	0	0	0	0	0	0	0	0	0	0	0	0	0	0	0	0	0	0	0	0	0	0
81_R2.fasta	81	2	463	10752	2588	3	0	1	0	0	0	0	13756	1	407	642	223	0	0	0	0	0	1823	422	0	0	0	0	0	0	0	0	0	0	2111	4	0	2375	16	0	0	0	0	0	0	0	0	0	0	0	0	0	3	0	0	0	3	0	0	0	405	0	0	0	0	0	0	0	0	0	0	0	0	0	0	0	0	0	0	0	0	0	0	0	0	0	0	0	0	0	0	0	0	0	0	0	0	0	0	0	0	0	0	0	0	0	0	0	0
82_R1.fasta	82	1	358	15757	2057	0	0	4	0	0	0	0	11568	0	245	2022	828	0	0	0	0	0	395	6	0	0	0	0	0	0	0	0	0	0	2373	3	0	2926	168	0	0	1	0	0	0	0	0	0	0	0	0	0	0	0	0	0	1	0	0	1	113	0	0	0	0	0	0	0	0	0	0	0	0	0	0	0	0	0	0	0	0	0	0	0	0	0	0	0	0	0	0	0	0	0	0	0	0	0	0	0	0	0	0	0	0	0	0	0	0
82_R2.fasta	82	2	354	14943	2036	0	0	4	0	0	0	0	11985	0	220	2040	835	0	0	0	0	0	323	5	0	0	0	0	0	0	0	0	0	0	2815	3	0	2925	167	0	0	1	0	0	0	0	0	0	0	0	0	0	0	0	0	0	1	0	0	1	113	0	0	0	0	0	0	0	0	0	0	0	0	0	0	0	0	0	0	0	0	0	0	0	0	0	0	0	0	0	0	0	0	0	0	0	0	0	0	0	0	0	0	0	0	0	0	0	0
83_R1.fasta	83	1	350	16011	3095	0	0	0	0	0	0	0	10532	213	194	606	96	0	0	0	0	0	523	234	1	0	0	0	0	0	0	0	0	0	1102	0	0	1763	21	0	0	1	0	0	0	0	0	0	0	0	0	0	0	0	0	0	2	0	0	3	110	0	0	0	0	0	0	0	0	0	0	0	0	1	0	0	1	0	0	0	0	0	0	0	0	0	0	0	0	0	0	0	0	0	0	0	0	0	0	0	0	0	0	0	0	0	0	0	0
83_R2.fasta	83	2	357	15178	3053	0	0	0	0	0	0	0	10993	218	179	626	97	0	0	0	0	0	423	181	1	0	0	0	0	0	0	0	0	0	1180	0	0	1764	21	0	0	1	0	0	0	0	0	0	0	0	0	0	0	0	0	0	2	0	0	3	103	0	0	0	0	0	0	0	0	0	0	0	0	1	0	0	0	0	0	0	0	0	0	0	0	0	0	0	0	0	0	0	0	0	0	0	0	0	0	0	0	0	0	0	0	0	0	0	0
84_R1.fasta	84	1	0	5564	19	0	0	1	0	0	0	0	1331	10148	2236	207	1	0	0	0	0	0	8109	225	0	0	0	0	0	0	0	0	0	0	1241	0	0	1	1	0	0	1	2	0	0	0	0	0	0	0	0	0	0	0	0	0	2	1	0	2	1463	0	0	0	0	5	0	0	0	0	0	0	0	1	0	0	0	0	0	0	0	0	0	0	0	0	0	0	0	0	0	0	0	0	0	0	0	0	0	0	0	0	0	0	0	0	0	0	0
84_R2.fasta	84	2	0	5310	19	0	0	1	0	0	0	0	1316	9658	2097	205	1	0	0	0	0	0	6505	169	0	0	0	0	0	0	0	0	0	0	1226	0	0	2	1	0	0	0	1	0	0	0	0	0	1	0	0	0	0	0	0	0	2	1	0	2	1428	0	0	0	0	6	0	0	0	0	0	0	0	1	0	0	0	0	0	0	0	0	0	0	0	0	0	0	0	0	0	0	0	0	0	0	0	0	0	0	0	0	0	0	0	0	0	0	0
85_R1.fasta	85	1	5	9250	1493	0	0	0	0	0	0	0	9688	86	256	292	188	0	0	0	0	0	6424	300	0	0	0	0	0	0	0	0	0	0	769	0	0	167	242	0	0	0	0	0	0	0	0	0	0	0	0	0	1	0	0	0	0	0	0	0	308	0	0	0	0	0	0	0	0	0	0	0	0	0	0	0	0	0	0	0	0	0	0	0	0	0	0	0	0	0	0	0	0	0	0	0	0	0	0	0	0	0	0	0	0	0	0	0	0
85_R2.fasta	85	2	4	8458	1459	0	0	0	0	0	0	0	9731	73	234	234	184	0	0	0	0	0	5033	231	0	0	0	0	0	0	0	0	0	0	1082	0	0	161	239	0	0	0	0	0	0	0	0	0	0	0	0	0	0	0	0	0	0	0	0	0	300	0	0	0	0	0	0	0	0	0	0	0	0	0	0	0	0	0	0	0	0	0	0	0	0	0	0	0	0	0	0	0	0	0	0	0	0	0	0	0	0	0	0	0	0	0	0	0	0
86_R1.fasta	86	1	28	11223	1425	0	0	0	0	0	0	0	8795	0	19	698	141	0	0	0	0	0	1535	1988	0	0	0	0	0	0	0	0	0	0	1137	0	0	1097	73	0	0	0	0	0	0	0	0	0	0	0	0	0	0	0	0	0	0	0	0	0	109	0	0	0	0	0	0	0	0	0	0	0	0	0	0	0	0	0	0	0	0	0	0	0	0	0	0	0	0	1	0	0	0	0	0	0	0	0	0	0	0	0	0	0	0	0	0	0	0
86_R2.fasta	86	2	27	10495	1412	0	0	0	0	0	0	0	9052	0	19	574	143	0	0	0	0	0	1191	1416	1	0	0	0	0	0	0	0	0	0	1183	0	0	1092	75	0	0	0	0	0	0	0	0	0	0	0	0	0	0	0	0	0	0	0	0	0	108	0	0	0	0	0	0	0	0	0	0	0	0	0	0	0	0	0	0	0	0	0	0	0	0	0	0	0	0	0	0	0	0	0	0	0	0	0	0	0	0	0	0	0	0	0	0	0	0
8_R1.fasta	8	1	13	5784	1903	0	0	0	0	0	0	0	9811	4	998	59	0	0	0	0	0	0	7	263	0	0	0	0	0	0	0	0	0	0	1916	0	0	2367	0	0	0	0	0	0	0	0	0	0	0	0	0	0	0	0	0	0	0	0	0	4	0	0	0	1	0	0	0	0	0	0	0	0	0	5	0	0	0	0	0	0	0	0	0	0	0	0	0	0	0	0	0	0	0	0	0	0	0	0	0	0	0	0	0	0	0	0	0	0	0
8_R2.fasta	8	2	13	5468	1890	0	0	0	0	0	0	0	10031	0	924	57	0	0	0	0	0	0	6	218	0	0	0	0	0	0	0	0	0	0	1845	0	0	2371	0	0	0	0	0	0	0	0	0	0	2	0	0	0	0	0	0	0	0	0	0	4	0	0	0	1	0	0	0	0	0	0	0	0	0	4	0	0	0	0	0	0	0	0	0	0	0	0	0	0	0	0	0	0	0	0	0	0	0	0	0	0	0	0	0	0	0	0	0	0	0
90_R1.fasta	90	1	21	4303	497	0	0	0	0	0	0	0	2623	873	974	107	168	0	0	0	0	0	27001	5	0	0	0	0	0	0	0	0	0	0	1284	0	0	287	11	0	0	0	0	0	0	0	0	0	0	0	0	0	0	0	0	0	0	0	0	0	490	0	0	0	0	0	0	0	0	0	0	0	0	0	0	0	0	0	0	0	0	44	0	0	0	0	0	0	0	0	0	0	0	0	0	0	0	0	0	0	0	0	0	0	0	0	0	0	0
90_R2.fasta	90	2	21	4077	497	0	0	0	0	0	0	0	2789	845	897	122	168	0	0	0	0	0	22139	16	0	0	0	0	0	0	0	0	0	0	1473	0	0	286	12	0	0	0	0	0	0	0	0	0	0	0	0	0	0	0	0	0	0	0	0	0	488	0	0	0	0	0	0	0	0	0	0	0	0	0	0	0	0	0	0	0	0	43	0	0	0	0	0	0	0	0	0	0	0	0	0	0	0	0	0	0	0	0	0	0	0	0	0	0	0
91_R1.fasta	91	1	134	8851	825	1373	0	0	82	0	0	0	18119	58	461	2115	206	0	0	0	0	0	2084	374	0	692	0	78	0	0	26	0	0	0	1641	269	335	296	28	0	0	0	0	0	0	0	0	0	100	0	27	0	0	0	0	0	0	0	0	0	712	6	9	0	0	51	39	35	0	0	0	0	0	588	0	163	31	59	0	0	0	0	0	0	0	0	0	63	0	0	0	0	0	0	0	0	0	58	0	0	0	0	0	0	0	0	0	0	0
91_R2.fasta	91	2	131	8278	817	1383	0	0	82	0	0	0	18295	54	477	2137	209	0	0	0	0	0	1696	312	0	553	0	76	0	0	10	0	0	2	1872	262	250	297	28	0	0	80	0	0	0	0	0	0	134	0	19	0	0	0	0	0	0	0	0	0	703	6	7	0	0	50	37	33	0	0	0	0	0	581	0	150	31	59	0	0	0	0	0	0	0	0	0	195	0	0	0	0	0	0	0	0	0	30	0	0	0	0	0	0	0	0	0	0	2
92_R1.fasta	92	1	70	10845	0	0	0	0	0	0	0	0	14308	1378	1343	82	0	0	0	68	0	0	3880	490	0	0	0	0	0	0	0	0	0	0	56	0	0	11681	124	0	0	0	0	0	0	0	0	0	0	0	0	0	245	0	0	0	0	0	0	0	1	0	0	0	0	0	0	0	0	0	0	0	0	0	0	0	0	0	0	0	0	0	0	0	0	0	0	0	0	0	0	0	0	0	0	0	0	0	0	0	0	0	0	0	0	0	0	0	0
92_R2.fasta	92	2	70	10225	0	0	0	0	0	0	0	0	14335	1374	1622	108	0	0	0	0	0	0	3017	370	1	0	0	0	0	0	0	0	0	0	55	0	0	11667	123	0	0	0	0	0	0	0	0	0	0	0	0	0	194	0	0	0	0	0	0	0	1	0	0	0	0	0	0	0	0	0	0	0	0	0	0	0	0	0	0	0	0	0	0	0	0	0	0	0	0	0	0	0	0	0	0	0	0	0	0	0	0	0	0	0	0	0	0	0	0
93_R1.fasta	93	1	3234	13091	1	0	0	0	0	0	0	0	12172	1115	1679	87	0	0	0	109	0	0	9161	398	0	0	0	0	0	0	0	0	0	0	141	0	0	10285	154	0	0	1	18	0	0	0	0	0	0	0	0	0	169	0	0	0	0	0	0	1	0	0	0	0	0	0	0	0	0	0	0	0	0	0	0	0	0	0	0	0	0	0	0	0	0	0	0	0	0	0	0	0	0	0	0	0	0	0	0	0	0	1	0	0	0	0	0	0	0
93_R2.fasta	93	2	3208	12433	1	1	0	0	0	0	0	0	12250	1110	2013	115	0	0	0	0	0	0	7059	330	0	0	0	0	0	0	0	0	0	0	140	0	0	10283	154	0	0	1	18	0	0	0	0	0	0	0	0	0	141	0	0	0	0	0	0	1	0	0	0	0	0	0	0	0	0	0	0	0	0	0	0	0	0	0	0	0	0	0	0	0	0	0	0	0	0	0	0	0	0	0	0	0	0	0	0	0	0	1	0	0	0	0	0	0	0
94_R1.fasta	94	1	1038	11149	4	1	0	0	0	0	0	0	7368	82	1292	137	1	0	0	18	0	0	20304	1686	0	0	0	0	4	0	0	0	0	0	28	0	0	2673	213	0	0	2	0	0	0	0	0	0	0	0	0	0	184	0	0	0	1	0	0	0	1	0	0	0	0	0	0	0	0	0	0	0	0	0	0	0	0	0	0	0	0	0	0	0	0	0	0	0	0	0	0	0	0	0	0	0	0	0	0	0	0	0	0	0	0	0	0	0	0
94_R2.fasta	94	2	1031	10598	5	1	0	0	0	0	0	0	7382	84	1550	146	0	0	0	0	0	0	15969	1317	1	0	0	0	4	0	0	0	0	0	28	0	0	2692	212	0	0	2	0	0	0	0	0	0	0	0	0	0	152	0	0	0	1	0	0	0	1	0	0	0	0	0	0	0	0	0	0	0	0	0	0	0	0	0	0	0	0	0	0	0	0	0	0	0	0	0	0	0	0	0	0	0	0	0	0	0	0	0	0	0	0	0	0	0	0
95_R1.fasta	95	1	1216	19651	0	1	0	0	0	0	0	0	7320	531	1620	229	0	0	0	14	0	0	13181	806	0	0	0	0	0	0	0	0	0	0	9	1	0	6053	528	0	0	2	0	0	0	0	0	0	0	0	0	0	87	0	0	0	0	0	0	3	4	0	0	0	0	0	0	0	0	0	0	0	0	1	0	0	0	0	0	0	0	0	0	0	0	0	0	0	0	0	0	0	0	0	0	0	0	0	0	0	0	0	0	0	0	0	0	0	0
95_R2.fasta	95	2	1212	18109	1	1	0	0	0	0	0	0	7324	535	1949	301	0	0	0	0	0	0	10438	640	1	0	0	0	0	0	0	0	0	0	9	1	0	6059	519	0	0	1	0	0	0	0	0	0	0	0	0	0	72	0	0	0	0	0	0	3	4	0	0	0	0	0	0	0	0	0	0	0	0	1	0	0	0	0	0	0	0	0	0	0	0	0	0	0	0	0	0	0	0	0	0	0	0	0	0	0	0	0	0	0	0	0	0	0	0
96_R1.fasta	96	1	790	14664	0	0	0	0	0	0	0	0	7179	715	1640	375	0	0	0	158	0	0	4828	540	0	0	0	0	1	0	0	0	0	1	26	0	0	8865	141	1	0	0	0	0	0	0	0	0	0	0	0	0	152	0	0	0	0	0	0	1	1	0	0	0	2	1	0	0	0	0	0	0	0	0	0	0	0	0	0	0	0	0	0	0	0	0	0	0	0	2	0	0	0	0	0	0	0	0	0	0	1	5	0	0	0	0	0	0	0
96_R2.fasta	96	2	778	13791	0	0	0	0	0	0	0	0	7171	714	2053	376	0	0	0	0	0	0	3650	380	1	0	0	0	1	0	0	0	0	1	27	0	0	8887	138	0	0	0	0	0	0	0	0	0	0	0	0	0	120	0	0	0	0	0	0	1	1	0	0	0	2	1	0	0	0	0	0	0	0	0	0	0	0	0	0	0	0	0	0	0	0	0	0	0	0	0	0	0	0	0	0	0	0	0	0	0	1	5	0	0	0	0	0	0	0
97_R1.fasta	97	1	164	18051	4179	0	0	0	0	0	0	0	10534	5	296	481	0	0	0	0	0	0	4309	2	0	0	0	0	0	0	0	0	0	0	1402	0	0	1524	65	0	0	0	0	0	0	0	0	0	0	0	0	0	28	0	0	0	0	0	0	1	428	0	0	0	0	0	0	0	0	0	0	0	0	1	0	0	0	0	0	0	0	0	0	0	0	0	0	0	0	0	0	0	0	0	0	0	0	0	0	0	0	0	0	0	0	0	0	0	0
97_R2.fasta	97	2	162	16969	4150	0	0	0	0	0	0	0	11084	2	260	493	0	0	0	0	0	0	3390	3	0	0	0	0	0	0	0	0	0	0	1648	0	0	1518	62	0	0	0	0	0	0	0	0	0	0	0	0	0	26	0	0	0	0	0	0	1	413	0	0	0	0	0	0	0	0	0	0	0	0	1	0	0	0	0	0	0	0	0	0	0	0	0	0	0	0	0	0	0	0	0	0	0	0	0	0	0	0	0	0	0	0	0	0	0	0
98_R1.fasta	98	1	25	5992	985	0	0	0	0	0	0	0	5418	3770	1324	283	86	0	0	0	0	0	12705	61	0	0	0	0	0	0	0	0	0	0	2008	0	0	74	104	0	0	0	0	0	0	0	0	0	0	0	0	0	0	0	0	0	0	0	0	0	1053	0	0	0	0	0	0	0	0	0	0	0	0	0	0	0	0	0	0	0	0	0	0	0	0	0	0	0	0	0	0	0	0	0	0	0	0	0	0	0	0	0	0	0	0	0	0	0	0
98_R2.fasta	98	2	25	5642	976	0	0	0	0	0	0	0	5457	3341	1192	277	86	0	0	0	0	0	9940	49	0	0	0	0	0	0	0	0	0	0	2109	0	0	74	99	0	0	0	0	0	0	0	0	0	0	0	0	0	0	0	0	0	0	0	0	0	1020	0	0	0	0	0	0	0	0	0	0	0	0	0	0	0	0	0	0	0	0	0	0	0	0	0	0	0	0	0	0	0	0	0	0	0	0	0	0	0	0	0	0	0	0	0	0	0	0
99_R1.fasta	99	1	215	16335	2704	0	0	1	0	0	0	0	10584	2	244	2339	229	0	0	0	0	0	3763	22	0	0	0	0	0	0	0	0	0	0	1384	0	0	4859	62	5	0	1	0	0	0	0	0	0	0	0	0	0	0	0	0	0	0	2	2	0	151	0	0	3	0	0	0	0	0	0	0	0	0	0	0	0	1	0	0	0	0	0	0	0	0	0	0	0	0	0	0	0	0	0	0	0	0	0	0	0	0	0	0	0	0	0	0	0	0
99_R2.fasta	99	2	214	15553	2684	0	0	1	0	0	0	0	11747	1	216	2355	227	0	0	0	0	0	2991	16	0	0	0	0	0	0	0	0	0	0	1631	0	0	4874	62	0	0	1	0	0	0	0	0	0	0	0	0	0	0	0	0	0	0	2	2	0	147	0	0	4	0	0	0	0	0	0	0	0	0	0	0	0	0	0	0	0	0	0	0	0	0	0	0	0	0	0	0	0	0	0	0	0	0	0	0	0	0	0	0	0	0	0	0	0	0
9_R1.fasta	9	1	0	12203	1	0	0	0	0	0	0	0	18163	2942	1023	170	35	0	0	0	0	0	801	167	0	0	0	0	0	0	0	0	0	0	2466	0	0	2952	17	0	0	0	0	0	0	0	0	0	0	0	0	0	0	0	0	0	0	0	0	0	1	0	0	0	0	0	0	0	0	0	0	0	0	0	0	0	0	0	0	0	0	0	0	0	0	0	0	0	0	0	0	0	0	0	0	0	0	0	0	0	0	0	0	0	0	0	0	0	0
9_R2.fasta	9	2	0	11402	1	0	0	0	0	0	0	0	17914	2628	944	610	35	0	0	0	0	0	595	133	0	0	0	0	0	0	0	0	0	0	2411	0	0	2973	17	0	0	0	0	0	0	0	0	0	0	0	0	0	0	0	0	0	0	0	0	0	0	0	0	0	0	0	0	0	0	0	0	0	0	0	0	0	0	0	0	0	0	0	0	0	0	0	0	0	0	0	0	0	0	0	0	0	0	0	0	0	0	0	0	0	0	0	0	0	0
